1400.200
1404.400
1448.500
1490.625
1515.100
1512.900
1530.971
1489.175
1476.467
1475.460
1413.482
1389.925
1381.408
1351.636
1306.507
1292.031
1267.853
1245.583
1247.421
1255.340
1277.505
1270.609
1273.465
1284.142
1272.308
1260.923
1270.900
1285.582
1287.503
1295.710
1303.326
1296.975
1292.445
1285.547
1270.854
1279.547
1271.924
1274.455
1261.226
1265.282
1264.949
1247.745
1249.884
1237.289
1228.482
1224.354
1217.717
1207.835
1208.998
1199.422
1190.986
1182.448
1176.375
1169.069
1158.584
1142.743
1140.944
1136.414
1139.986
1134.598
1134.318
1134.632
1131.894
1133.580
1131.162
1125.218
1120.394
1114.660
1111.517
1109.821
1102.092
1099.374
1096.790
1090.935
1085.464
1079.655
1074.412
1067.727
1060.734
1054.571
1051.591
1045.862
1039.736
1031.798
1023.389
1014.491
1006.216
1000.091
994.916
987.529
981.471
976.835
969.076
960.950
954.573
949.310
944.884
937.663
930.047
923.317
917.440
911.620
905.893
901.687
897.028
890.089
884.835
881.101
877.083
872.368
866.141
859.144
853.004
846.432
842.355
838.532
833.204
828.366
822.986
818.157
812.822
808.496
803.618
801.435
796.171
793.729
789.093
783.883
778.743
774.062
770.179
766.236
764.169
760.966
756.967
753.968
750.421
747.792
745.950
743.720
739.765
736.416
733.032
732.356
731.799
728.647
725.690
724.821
722.191
718.619
716.012
713.607
711.154
709.880
706.712
704.701
702.883
699.837
696.297
693.479
690.991
689.753
686.921
684.503
681.456
678.019
674.782
671.278
668.273
665.138
662.094
659.649
656.710
653.511
650.889
648.094
646.138
643.898
642.188
639.776
636.627
633.546
631.501
628.711
627.092
626.028
624.305
621.661
621.189
619.324
617.172
616.064
613.615
612.848
612.781
612.116
609.857
607.973
608.046
607.304
604.792
603.002
600.442
598.751
598.003
598.917
596.881
595.482
594.704
593.429
593.310
592.940
591.736
592.166
589.607
588.080
587.999
586.445
585.846
583.449
581.426
579.576
577.753
575.451
573.451
571.295
570.133
568.736
566.810
565.576
564.405
562.107
560.860
559.369
557.578
555.681
553.480
551.532
551.015
549.125
547.202
545.113
543.100
543.316
542.908
542.401
543.134
541.915
541.869
540.852
540.570
538.552
537.530
536.965
535.431
534.000
534.299
532.351
530.453
529.679
528.238
526.374
524.590
522.802
521.008
519.901
518.077
516.296
515.303
513.844
512.749
511.197
510.780
511.086
509.422
509.004
507.945
506.698
505.151
503.551
502.380
500.858
499.830
498.165
496.541
495.976
494.535
494.246
492.714
492.656
491.160
489.729
488.668
488.381
487.753
486.923
485.449
484.532
483.186
481.952
480.657
480.663
479.540
478.327
477.259
476.275
474.885
473.463
472.141
470.998
470.472
469.184
467.864
466.799
465.746
464.611
463.379
462.147
461.052
460.004
458.745
457.557
456.217
455.053
454.190
452.887
451.724
450.507
449.455
448.316
447.100
446.130
445.098
443.931
442.826
441.843
440.655
439.702
438.967
437.796
436.844
435.773
434.596
433.771
432.622
431.571
430.679
429.688
428.670
427.560
426.607
425.519
424.653
423.582
422.593
421.913
420.911
419.957
418.921
418.145
417.099
416.081
415.083
414.116
413.155
412.103
411.111
410.260
409.325
408.378
407.339
406.328
405.343
404.549
403.588
402.770
401.823
400.900
399.947
399.091
398.231
397.364
396.554
395.871
395.004
394.162
393.250
392.541
391.628
390.747
389.990
389.140
388.530
388.047
387.460
386.679
385.793
385.035
384.256
383.493
382.642
381.786
381.010
380.218
379.439
378.598
377.858
377.372
376.587
375.749
374.970
374.140
373.373
372.532
371.887
371.074
370.347
369.519
368.728
368.004
367.191
366.780
366.006
365.227
364.529
363.867
363.138
362.461
361.834
361.240
360.478
359.878
359.225
358.563
357.900
357.226
356.572
355.980
355.433
354.968
354.383
353.735
353.175
352.500
351.947
351.461
350.833
350.155
349.436
348.945
348.348
347.743
347.134
346.497
345.990
345.421
344.819
344.139
343.553
342.874
342.284
341.584
341.205
340.584
340.081
339.502
339.017
338.720
338.394
337.785
337.440
336.782
336.182
335.642
335.063
334.426
333.900
333.376
332.828
332.221
331.600
330.991
330.410
330.060
329.645
329.097
328.508
327.898
327.329
326.855
326.337
325.974
325.739
325.248
324.851
324.307
323.867
323.300
322.877
322.318
321.816
321.278
320.726
320.228
319.681
319.109
318.578
318.010
317.497
316.967
316.470
315.933
315.457
314.930
314.377
313.899
313.358
312.832
312.327
311.808
311.303
310.773
310.246
309.728
309.216
308.677
308.237
307.815
307.304
306.817
306.337
305.836
305.358
304.900
304.397
303.876
303.368
302.858
302.365
301.888
301.377
300.886
300.424
299.974
299.485
298.987
298.522
298.076
297.616
297.157
296.692
296.298
295.822
295.342
294.866
294.415
293.955
293.495
293.012
292.551
292.116
291.656
291.293
290.837
290.412
289.960
289.553
289.124
288.673
288.217
287.758
287.359
286.964
286.555
286.173
285.801
285.410
285.005
284.555
284.108
283.678
283.242
282.805
282.369
281.950
281.525
281.118
280.701
280.342
279.941
279.548
279.136
278.743
278.350
277.991
277.587
277.197
276.813
276.425
276.043
275.712
275.291
274.887
274.493
274.088
273.690
273.305
272.929
272.585
272.177
271.794
271.411
271.029
270.752
270.389
270.024
269.696
269.312
268.980
268.630
268.264
267.927
267.585
267.258
266.918
266.618
266.238
265.911
265.580
265.266
264.904
264.535
264.191
263.838
263.497
263.138
262.766
262.471
262.131
261.807
261.469
261.104
260.760
260.469
260.113
259.790
259.438
259.119
258.797
258.476
258.177
257.863
257.570
257.239
256.910
256.577
256.249
255.902
255.585
255.261
254.953
254.709
254.387
254.080
253.768
253.474
253.148
252.875
252.568
252.536
252.383
252.060
251.805
251.464
251.187
250.847
250.578
250.292
250.045
249.750
249.430
249.194
248.864
248.532
248.217
247.891
247.613
247.308
247.055
246.750
246.447
246.143
245.825
245.507
245.209
245.095
244.804
244.511
244.285
244.096
243.836
243.585
243.287
243.013
242.745
242.639
242.382
242.077
241.805
241.645
241.380
241.109
240.810
240.516
240.370
240.138
239.889
239.722
239.424
239.172
238.878
238.583
238.314
238.077
237.869
237.598
237.384
237.085
237.085
236.797
236.537
236.375
236.090
235.841
235.754
235.478
235.211
234.940
234.701
234.499
234.240
233.959
233.714
233.435
233.170
232.889
232.614
232.475
232.198
231.987
231.718
231.513
231.259
230.997
230.719
230.492
230.241
230.017
229.747
229.472
229.219
229.048
228.952
228.761
228.493
228.275
228.041
227.777
227.543
227.298
227.054
226.845
226.677
226.426
226.164
225.997
225.758
225.578
225.348
225.089
224.835
224.614
224.483
224.232
223.996
223.830
223.584
223.337
223.131
222.935
222.672
222.437
222.274
222.036
221.806
221.574
221.359
221.124
220.975
220.725
220.476
220.306
220.103
219.861
219.618
219.396
219.161
218.915
218.693
218.530
218.382
218.161
217.951
217.725
217.499
217.371
217.156
216.949
216.715
216.503
216.301
216.068
215.853
215.628
215.403
215.221
214.996
214.775
214.550
214.330
214.114
213.900
213.676
213.449
213.226
213.043
212.883
212.693
212.466
212.246
212.029
211.804
211.601
211.441
211.237
211.024
210.803
210.602
210.389
210.240
210.020
209.811
209.608
209.417
209.225
209.007
208.793
208.611
208.405
208.206
208.001
207.809
207.592
207.411
207.238
207.025
206.818
206.610
206.400
206.188
205.981
205.772
205.608
205.426
205.229
205.026
204.824
204.628
204.446
204.246
204.070
203.870
203.698
203.497
203.294
203.115
202.912
202.711
202.516
202.327
202.145
201.964
201.771
201.589
201.395
201.209
201.008
200.815
200.638
200.461
200.265
200.108
199.933
199.768
199.620
199.430
199.246
199.066
198.882
198.709
198.532
198.378
198.201
198.022
197.837
197.659
197.486
197.326
197.155
196.985
196.804
196.623
196.458
196.281
196.116
195.931
195.771
195.598
195.423
195.252
195.092
194.914
194.745
194.580
194.418
194.236
194.063
193.891
193.709
193.528
193.355
193.201
193.044
192.899
192.738
192.582
192.439
192.260
192.085
191.942
191.782
191.609
191.446
191.278
191.120
190.957
190.822
190.653
190.491
190.314
190.143
189.996
189.827
189.665
189.499
189.333
189.159
188.996
188.836
188.678
188.515
188.362
188.205
188.045
187.882
187.716
187.552
187.414
187.245
187.085
186.932
186.804
186.659
186.498
186.330
186.175
186.021
185.869
185.711
185.554
185.419
185.252
185.099
184.951
184.805
184.676
184.528
184.397
184.267
184.106
183.955
183.796
183.642
183.485
183.327
183.170
183.025
182.881
182.747
182.596
182.444
182.292
182.148
181.999
181.853
181.707
181.568
181.426
181.283
181.129
180.980
180.845
180.704
180.563
180.409
180.252
180.098
179.942
179.797
179.644
179.509
179.370
179.232
179.088
178.952
178.801
178.665
178.515
178.380
178.235
178.096
177.951
177.833
177.688
177.541
177.409
177.258
177.117
176.975
176.834
176.705
176.568
176.421
176.278
176.132
175.993
175.858
175.710
175.593
175.453
175.315
175.165
175.025
174.880
174.737
174.591
174.450
174.314
174.181
174.042
173.907
173.779
173.649
173.515
173.400
173.269
173.136
172.996
172.876
172.790
172.660
172.523
172.379
172.246
172.113
171.980
171.851
171.720
171.591
171.459
171.327
171.189
171.054
170.916
170.778
170.654
170.518
170.386
170.252
170.114
169.991
169.864
169.743
169.614
169.491
169.382
169.269
169.149
169.009
168.892
168.768
168.649
168.526
168.405
168.284
168.164
168.039
167.914
167.791
167.659
167.531
167.412
167.304
167.187
167.057
166.931
166.801
166.680
166.548
166.433
166.312
166.192
166.073
165.950
165.827
165.704
165.584
165.462
165.340
165.208
165.090
164.973
164.858
164.739
164.621
164.498
164.377
164.254
164.140
164.021
163.908
163.790
163.678
163.565
163.445
163.334
163.218
163.101
162.981
162.861
162.752
162.635
162.517
162.396
162.285
162.168
162.058
161.944
161.831
161.708
161.593
161.483
161.363
161.247
161.140
161.025
160.908
160.788
160.692
160.612
160.506
160.388
160.272
160.167
160.055
159.945
159.831
159.720
159.614
159.513
159.410
159.311
159.195
159.084
158.970
158.857
158.760
158.655
158.544
158.450
158.349
158.244
158.134
158.029
157.918
157.810
157.704
157.601
157.489
157.386
157.278
157.169
157.067
156.971
156.858
156.757
156.680
156.577
156.468
156.358
156.251
156.162
156.071
155.968
155.863
155.758
155.673
155.578
155.477
155.376
155.272
155.161
155.061
154.958
154.848
154.744
154.643
154.533
154.445
154.337
154.238
154.150
154.052
153.949
153.847
153.750
153.647
153.551
153.445
153.348
153.252
153.154
153.051
152.945
152.839
152.744
152.649
152.550
152.449
152.348
152.244
152.147
152.049
151.952
151.848
151.764
151.676
151.579
151.496
151.417
151.316
151.226
151.127
151.026
150.926
150.829
150.726
150.635
150.537
150.433
150.342
150.249
150.152
150.062
149.968
149.871
149.781
149.685
149.585
149.487
149.393
149.297
149.200
149.106
149.009
148.918
148.817
148.733
148.635
148.544
148.448
148.355
148.259
148.164
148.070
147.978
147.884
147.787
147.705
147.607
147.518
147.429
147.337
147.240
147.165
147.071
146.978
146.890
146.806
146.717
146.626
146.535
146.444
146.352
146.260
146.180
146.096
146.003
145.912
145.818
145.740
145.654
145.586
145.517
145.425
145.349
145.262
145.208
145.128
145.042
144.962
144.892
144.814
144.735
144.643
144.555
144.471
144.387
144.309
144.243
144.162
144.074
143.989
143.916
143.845
143.765
143.683
143.617
143.531
143.452
143.383
143.299
143.226
143.146
143.082
143.002
142.923
142.842
142.766
142.682
142.601
142.523
142.445
142.359
142.274
142.186
142.104
142.013
141.931
141.849
141.761
141.683
141.624
141.562
141.477
141.411
141.328
141.255
141.187
141.104
141.024
140.937
140.857
140.775
140.699
140.613
140.530
140.464
140.389
140.304
140.226
140.144
140.066
139.984
139.911
139.831
139.747
139.674
139.594
139.515
139.432
139.348
139.265
139.183
139.110
139.032
138.969
138.886
138.837
138.764
138.699
138.624
138.544
138.467
138.386
138.318
138.250
138.172
138.091
138.013
137.947
137.869
137.799
137.729
137.651
137.591
137.528
137.456
137.375
137.301
137.252
137.186
137.112
137.047
136.968
136.894
136.828
136.756
136.675
136.619
136.543
136.471
136.404
136.335
136.260
136.190
136.116
136.044
135.971
135.906
135.841
135.763
135.697
135.625
135.556
135.499
135.423
135.349
135.288
135.224
135.163
135.090
135.015
134.941
134.874
134.801
134.723
134.662
134.597
134.531
134.468
134.397
134.344
134.274
134.202
134.133
134.070
134.005
133.945
133.868
133.795
133.726
133.658
133.581
133.513
133.444
133.378
133.313
133.247
133.174
133.119
133.052
132.979
132.906
132.844
132.777
132.717
132.643
132.574
132.510
132.443
132.378
132.321
132.256
132.183
132.112
132.044
131.977
131.911
131.848
131.793
131.725
131.654
131.590
131.523
131.463
131.397
131.337
131.271
131.206
131.146
131.076
131.004
130.943
130.878
130.820
130.751
130.679
130.610
130.544
130.483
130.411
130.341
130.281
130.228
130.174
130.109
130.042
129.976
129.909
129.838
129.784
129.716
129.652
129.590
129.529
129.462
129.398
129.341
129.281
129.214
129.150
129.082
129.028
128.977
128.913
128.847
128.781
128.710
128.647
128.589
128.522
128.457
128.390
128.329
128.269
128.215
128.150
128.092
128.031
127.967
127.915
127.854
127.793
127.728
127.671
127.608
127.544
127.479
127.424
127.365
127.302
127.242
127.178
127.112
127.051
126.984
126.929
126.865
126.802
126.742
126.680
126.621
126.556
126.492
126.428
126.362
126.295
126.229
126.168
126.105
126.040
125.979
125.917
125.855
125.792
125.735
125.669
125.613
125.550
125.489
125.428
125.365
125.304
125.243
125.179
125.120
125.058
124.996
124.930
124.869
124.807
124.748
124.685
124.622
124.561
124.499
124.440
124.376
124.318
124.255
124.201
124.140
124.084
124.025
123.968
123.906
123.845
123.788
123.729
123.664
123.612
123.554
123.495
123.439
123.386
123.326
123.266
123.210
123.150
123.101
123.045
122.984
122.926
122.871
122.811
122.750
122.693
122.631
122.573
122.513
122.469
122.409
122.351
122.293
122.235
122.176
122.117
122.055
121.998
121.940
121.882
121.823
121.764
121.704
121.646
121.589
121.532
121.474
121.417
121.360
121.301
121.248
121.190
121.136
121.081
121.026
120.975
120.916
120.861
120.801
120.750
120.695
120.644
120.589
120.529
120.472
120.425
120.367
120.311
120.260
120.202
120.146
120.090
120.033
119.977
119.932
119.872
119.820
119.768
119.715
119.661
119.604
119.545
119.491
119.445
119.404
119.347
119.290
119.233
119.176
119.120
119.066
119.019
118.966
118.915
118.863
118.809
118.754
118.697
118.640
118.588
118.533
118.476
118.422
118.367
118.312
118.260
118.207
118.154
118.098
118.045
117.989
117.941
117.889
117.833
117.784
117.734
117.678
117.622
117.572
117.520
117.467
117.413
117.362
117.314
117.265
117.211
117.162
117.108
117.056
117.001
116.948
116.892
116.838
116.787
116.737
116.684
116.637
116.585
116.534
116.481
116.436
116.386
116.338
116.289
116.235
116.182
116.134
116.089
116.039
115.987
115.940
115.891
115.842
115.789
115.739
115.686
115.637
115.583
115.531
115.480
115.430
115.378
115.325
115.274
115.230
115.176
115.130
115.077
115.028
114.978
114.931
114.879
114.827
114.779
114.733
114.683
114.632
114.585
114.535
114.485
114.435
114.385
114.331
114.283
114.232
114.182
114.131
114.082
114.032
113.982
113.942
113.890
113.841
113.790
113.740
113.690
113.644
113.595
113.554
113.502
113.452
113.402
113.355
113.306
113.257
113.210
113.161
113.111
113.067
113.022
112.976
112.933
112.886
112.838
112.788
112.739
112.693
112.642
112.595
112.549
112.503
112.453
112.406
112.356
112.307
112.260
112.213
112.165
112.115
112.066
112.022
111.972
111.924
111.878
111.834
111.785
111.740
111.695
111.646
111.606
111.560
111.521
111.475
111.430
111.382
111.336
111.289
111.247
111.200
111.151
111.103
111.056
111.016
110.971
110.923
110.877
110.831
110.783
110.734
110.687
110.643
110.597
110.550
110.502
110.460
110.415
110.374
110.327
110.279
110.234
110.187
110.142
110.097
110.052
110.007
109.969
109.923
109.883
109.839
109.799
109.763
109.724
109.682
109.637
109.595
109.549
109.507
109.462
109.417
109.379
109.333
109.287
109.245
109.201
109.161
109.116
109.073
109.033
108.990
108.948
108.910
108.864
108.820
108.778
108.737
108.691
108.648
108.603
108.558
108.510
108.466
108.423
108.381
108.335
108.291
108.252
108.210
108.165
108.123
108.077
108.032
107.988
107.943
107.899
107.856
107.813
107.770
107.727
107.683
107.642
107.599
107.557
107.512
107.469
107.426
107.383
107.344
107.302
107.265
107.220
107.184
107.142
107.100
107.055
107.012
106.976
106.932
106.891
106.849
106.808
106.768
106.726
106.692
106.649
106.615
106.574
106.531
106.488
106.449
106.412
106.377
106.338
106.300
106.263
106.224
106.183
106.141
106.101
106.064
106.025
105.983
105.949
105.909
105.868
105.828
105.787
105.745
105.704
105.662
105.621
105.583
105.541
105.499
105.458
105.413
105.373
105.337
105.303
105.266
105.232
105.189
105.154
105.110
105.072
105.035
104.992
104.955
104.914
104.875
104.832
104.791
104.750
104.709
104.669
104.628
104.587
104.548
104.508
104.471
104.428
104.390
104.349
104.312
104.271
104.230
104.192
104.152
104.115
104.077
104.037
104.000
103.964
103.926
103.893
103.855
103.814
103.780
103.742
103.704
103.668
103.629
103.595
103.558
103.517
103.477
103.440
103.404
103.366
103.328
103.290
103.255
103.214
103.178
103.138
103.103
103.064
103.026
102.992
102.952
102.912
102.876
102.839
102.803
102.764
102.731
102.698
102.658
102.621
102.585
102.546
102.510
102.478
102.440
102.405
102.367
102.330
102.291
102.252
102.212
102.176
102.146
102.108
102.073
102.033
102.000
101.965
101.926
101.893
101.857
101.820
101.783
101.747
101.710
101.685
101.648
101.610
101.579
101.546
101.509
101.475
101.438
101.402
101.366
101.327
101.290
101.254
101.218
101.180
101.141
101.102
101.073
101.037
101.002
100.966
100.929
100.891
100.853
100.816
100.779
100.742
100.705
100.670
100.638
100.605
100.569
100.530
100.494
100.458
100.423
100.385
100.354
100.325
100.290
100.260
100.224
100.189
100.154
100.118
100.081
100.054
100.026
99.993
99.958
99.924
99.890
99.853
99.818
99.786
99.751
99.715
99.681
99.646
99.616
99.586
99.556
99.524
99.488
99.451
99.415
99.379
99.347
99.312
99.276
99.240
99.206
99.169
99.135
99.101
99.068
99.031
99.000
98.964
98.930
98.894
98.858
98.823
98.791
98.757
98.724
98.688
98.653
98.617
98.587
98.552
98.514
98.478
98.451
98.416
98.389
98.355
98.324
98.288
98.252
98.220
98.184
98.153
98.117
98.085
98.055
98.031
97.997
97.961
97.925
97.891
97.858
97.828
97.797
97.762
97.730
97.697
97.663
97.630
97.597
97.567
97.531
97.500
97.467
97.433
97.399
97.364
97.331
97.301
97.270
97.237
97.204
97.172
97.143
97.114
97.084
97.053
97.020
96.986
96.963
96.930
96.893
96.863
96.832
96.800
96.776
96.746
96.713
96.680
96.646
96.626
96.593
96.560
96.529
96.494
96.460
96.431
96.398
96.371
96.344
96.313
96.284
96.253
96.222
96.190
96.157
96.125
96.093
96.063
96.030
95.996
95.965
95.933
95.903
95.872
95.840
95.807
95.775
95.742
95.714
95.685
95.653
95.621
95.589
95.559
95.528
95.503
95.471
95.439
95.408
95.376
95.346
95.312
95.279
95.254
95.230
95.199
95.172
95.147
95.115
95.088
95.059
95.030
94.997
94.968
94.935
94.903
94.875
94.842
94.821
94.790
94.762
94.739
94.708
94.676
94.654
94.626
94.595
94.567
94.548
94.515
94.484
94.459
94.432
94.419
94.403
94.372
94.381
94.353
94.324
94.293
94.261
94.232
94.201
94.170
94.141
94.111
94.080
94.048
94.023
93.992
93.960
93.928
93.910
93.884
93.852
93.827
93.822
93.807
93.789
93.759
93.766
93.770
93.738
93.705
93.674
93.641
93.630
93.604
93.583
93.550
93.520
93.489
93.458
93.432
93.404
93.374
93.364
93.334
93.304
93.271
93.241
93.211
93.184
93.154
93.123
93.095
93.065
93.036
93.013
93.013
92.986
92.957
92.931
92.913
92.883
92.855
92.824
92.801
92.771
92.803
92.772
92.759
92.728
92.698
92.667
92.636
92.607
92.593
92.567
92.539
92.510
92.479
92.452
92.427
92.421
92.427
92.399
92.368
92.367
92.347
92.319
92.292
92.263
92.232
92.200
92.170
92.144
92.143
92.115
92.088
92.089
92.095
92.073
92.042
92.014
92.019
91.992
91.971
91.944
91.922
91.897
91.892
91.862
91.831
91.801
91.772
91.746
91.718
91.689
91.667
91.645
91.619
91.591
91.560
91.531
91.501
91.471
91.456
91.428
91.400
91.376
91.354
91.327
91.306
91.275
91.248
91.222
91.196
91.169
91.146
91.118
91.092
91.069
91.041
91.014
90.985
90.955
90.927
90.926
90.916
90.887
90.860
90.856
90.830
90.808
90.783
90.762
90.735
90.705
90.681
90.654
90.633
90.605
90.581
90.559
90.531
90.574
90.565
90.538
90.523
90.495
90.468
90.445
90.421
90.394
90.369
90.343
90.317
90.293
90.264
90.237
90.210
90.182
90.153
90.129
90.101
90.072
90.046
90.017
89.988
89.960
89.934
89.906
89.878
89.849
89.821
89.799
89.771
89.743
89.717
89.690
89.666
89.638
89.614
89.586
89.565
89.536
89.508
89.479
89.450
89.434
89.415
89.390
89.361
89.334
89.307
89.280
89.254
89.227
89.200
89.174
89.148
89.121
89.097
89.070
89.072
89.044
89.020
88.993
88.969
88.943
88.916
88.897
88.884
88.860
88.837
88.815
88.789
88.763
88.735
88.707
88.690
88.669
88.643
88.617
88.589
88.567
88.542
88.515
88.489
88.460
88.440
88.415
88.389
88.363
88.338
88.311
88.283
88.256
88.233
88.208
88.182
88.154
88.128
88.101
88.077
88.056
88.032
88.006
87.979
87.956
87.934
87.908
87.883
87.858
87.832
87.804
87.778
87.754
87.728
87.705
87.679
87.661
87.636
87.623
87.597
87.572
87.546
87.533
87.507
87.481
87.457
87.439
87.412
87.394
87.370
87.347
87.322
87.297
87.271
87.248
87.222
87.195
87.170
87.144
87.125
87.100
87.075
87.050
87.027
87.004
86.987
86.961
86.938
86.911
86.885
86.859
86.837
86.814
86.792
86.770
86.746
86.730
86.708
86.683
86.662
86.636
86.611
86.588
86.563
86.543
86.518
86.491
86.469
86.444
86.418
86.393
86.379
86.356
86.332
86.309
86.283
86.262
86.240
86.216
86.206
86.179
86.155
86.141
86.120
86.097
86.075
86.051
86.028
86.007
85.982
85.958
85.933
85.908
85.900
85.876
85.851
85.829
85.806
85.787
85.764
85.741
85.719
85.697
85.672
85.649
85.625
85.599
85.582
85.556
85.534
85.511
85.493
85.472
85.448
85.426
85.401
85.379
85.353
85.329
85.311
85.290
85.265
85.242
85.221
85.197
85.174
85.150
85.125
85.103
85.079
85.056
85.038
85.017
85.005
84.982
84.960
84.935
84.916
84.909
84.886
84.862
84.837
84.816
84.791
84.774
84.756
84.733
84.717
84.705
84.682
84.657
84.635
84.614
84.597
84.575
84.553
84.532
84.508
84.490
84.470
84.457
84.442
84.418
84.403
84.382
84.379
84.357
84.339
84.326
84.307
84.284
84.264
84.242
84.219
84.201
84.184
84.161
84.144
84.121
84.098
84.079
84.059
84.036
84.015
84.003
83.981
83.961
83.939
83.915
83.892
83.869
83.846
83.825
83.804
83.781
83.768
83.748
83.732
83.720
83.697
83.673
83.655
83.636
83.615
83.592
83.571
83.548
83.528
83.510
83.490
83.467
83.446
83.424
83.402
83.386
83.365
83.344
83.327
83.325
83.308
83.286
83.268
83.251
83.228
83.212
83.190
83.171
83.153
83.132
83.110
83.088
83.080
83.058
83.035
83.015
82.999
82.978
82.966
82.948
82.947
82.930
82.908
82.888
82.881
82.869
82.846
82.824
82.804
82.786
82.766
82.746
82.727
82.704
82.682
82.660
82.642
82.621
82.598
82.575
82.554
82.534
82.512
82.491
82.472
82.450
82.428
82.406
82.387
82.364
82.340
82.319
82.297
82.276
82.256
82.234
82.215
82.196
82.175
82.152
82.133
82.111
82.090
82.068
82.047
82.025
82.004
81.983
81.964
81.944
81.921
81.905
81.882
81.860
81.839
81.816
81.801
81.783
81.761
81.747
81.726
81.705
81.683
81.659
81.639
81.617
81.597
81.575
81.556
81.534
81.514
81.495
81.475
81.453
81.434
81.414
81.394
81.373
81.352
81.332
81.313
81.292
81.271
81.251
81.229
81.207
81.186
81.169
81.148
81.126
81.106
81.085
81.066
81.044
81.024
81.004
80.989
80.969
80.948
80.927
80.907
80.885
80.866
80.850
80.830
80.816
80.797
80.777
80.757
80.736
80.715
80.694
80.674
80.652
80.637
80.617
80.597
80.576
80.555
80.535
80.515
80.494
80.472
80.452
80.433
80.414
80.395
80.375
80.362
80.343
80.324
80.303
80.283
80.263
80.241
80.220
80.200
80.178
80.160
80.139
80.118
80.096
80.077
80.057
80.036
80.015
80.000
79.986
79.965
79.943
79.925
79.905
79.883
79.862
79.843
79.822
79.802
79.783
79.763
79.745
79.726
79.708
79.687
79.668
79.649
79.628
79.610
79.591
79.571
79.555
79.535
79.514
79.493
79.476
79.456
79.437
79.418
79.400
79.380
79.361
79.342
79.322
79.302
79.283
79.263
79.244
79.226
79.207
79.188
79.168
79.150
79.129
79.109
79.091
79.073
79.054
79.034
79.016
78.997
78.978
78.959
78.939
78.919
78.898
78.880
78.861
78.843
78.823
78.805
78.786
78.768
78.753
78.734
78.715
78.695
78.676
78.658
78.640
78.621
78.601
78.582
78.563
78.545
78.525
78.508
78.490
78.477
78.457
78.439
78.418
78.400
78.381
78.364
78.348
78.330
78.310
78.291
78.272
78.252
78.233
78.214
78.196
78.180
78.161
78.142
78.122
78.106
78.087
78.068
78.049
78.030
78.012
77.993
77.973
77.954
77.936
77.918
77.900
77.880
77.863
77.845
77.826
77.811
77.792
77.773
77.753
77.742
77.730
77.712
77.691
77.673
77.657
77.638
77.620
77.601
77.582
77.564
77.548
77.531
77.513
77.494
77.476
77.456
77.438
77.419
77.400
77.387
77.369
77.352
77.333
77.317
77.299
77.281
77.263
77.247
77.232
77.212
77.198
77.180
77.167
77.148
77.131
77.114
77.096
77.078
77.061
77.044
77.025
77.008
76.996
76.979
76.961
76.942
76.924
76.907
76.886
76.869
76.851
76.833
76.814
76.799
76.783
76.763
76.758
76.739
76.721
76.704
76.685
76.667
76.651
76.634
76.617
76.598
76.579
76.562
76.544
76.528
76.511
76.493
76.475
76.457
76.440
76.421
76.403
76.387
76.371
76.352
76.337
76.321
76.303
76.286
76.270
76.254
76.237
76.219
76.201
76.188
76.173
76.154
76.137
76.120
76.102
76.088
76.072
76.055
76.039
76.022
76.004
75.989
75.970
75.952
75.935
75.918
75.904
75.888
75.871
75.857
75.841
75.823
75.806
75.792
75.775
75.759
75.741
75.723
75.706
75.691
75.674
75.656
75.645
75.628
75.610
75.594
75.580
75.566
75.549
75.532
75.513
75.494
75.479
75.463
75.449
75.432
75.414
75.398
75.381
75.367
75.350
75.335
75.320
75.303
75.286
75.270
75.253
75.237
75.219
75.203
75.189
75.172
75.159
75.143
75.124
75.111
75.094
75.077
75.059
75.043
75.028
75.011
74.994
74.977
74.961
74.944
74.926
74.910
74.899
74.882
74.865
74.848
74.832
74.816
74.800
74.784
74.767
74.752
74.736
74.719
74.701
74.684
74.667
74.650
74.632
74.615
74.598
74.581
74.564
74.546
74.532
74.516
74.498
74.482
74.467
74.454
74.439
74.422
74.406
74.390
74.375
74.358
74.346
74.330
74.314
74.300
74.283
74.277
74.259
74.242
74.225
74.208
74.192
74.175
74.158
74.143
74.127
74.111
74.094
74.083
74.066
74.049
74.033
74.016
74.001
73.986
73.970
73.952
73.934
73.917
73.904
73.889
73.879
73.863
73.847
73.830
73.813
73.796
73.783
73.766
73.750
73.735
73.721
73.704
73.686
73.673
73.656
73.643
73.627
73.612
73.596
73.578
73.564
73.555
73.539
73.525
73.508
73.493
73.481
73.469
73.453
73.437
73.421
73.406
73.391
73.377
73.360
73.345
73.329
73.313
73.298
73.289
73.280
73.264
73.249
73.231
73.215
73.199
73.185
73.169
73.152
73.137
73.128
73.113
73.096
73.081
73.065
73.050
73.034
73.018
73.003
72.988
72.972
72.958
72.944
72.930
72.918
72.902
72.886
72.869
72.854
72.838
72.824
72.807
72.792
72.784
72.767
72.751
72.735
72.721
72.705
72.689
72.675
72.658
72.643
72.628
72.613
72.596
72.582
72.566
72.549
72.535
72.519
72.503
72.489
72.471
72.458
72.444
72.429
72.419
72.402
72.388
72.373
72.357
72.342
72.327
72.313
72.299
72.293
72.281
72.266
72.252
72.237
72.222
72.206
72.190
72.176
72.159
72.145
72.130
72.116
72.101
72.086
72.070
72.058
72.044
72.031
72.019
72.004
71.989
71.974
71.959
71.943
71.932
71.916
71.900
71.889
71.876
71.861
71.846
71.831
71.818
71.807
71.792
71.777
71.761
71.746
71.733
71.718
71.703
71.690
71.680
71.664
71.652
71.639
71.625
71.611
71.597
71.590
71.576
71.566
71.552
71.536
71.520
71.504
71.494
71.479
71.463
71.448
71.432
71.420
71.407
71.398
71.384
71.370
71.354
71.339
71.324
71.308
71.293
71.280
71.265
71.252
71.238
71.222
71.208
71.193
71.178
71.167
71.152
71.142
71.127
71.112
71.098
71.083
71.067
71.053
71.040
71.025
71.011
70.997
70.982
70.967
70.954
70.939
70.924
70.910
70.895
70.881
70.867
70.854
70.841
70.827
70.812
70.797
70.782
70.767
70.752
70.737
70.725
70.714
70.701
70.687
70.674
70.662
70.647
70.635
70.622
70.608
70.597
70.589
70.575
70.561
70.545
70.531
70.517
70.502
70.488
70.473
70.458
70.444
70.429
70.419
70.406
70.391
70.381
70.368
70.352
70.337
70.324
70.310
70.295
70.280
70.266
70.252
70.238
70.224
70.211
70.200
70.185
70.170
70.156
70.142
70.128
70.113
70.099
70.088
70.075
70.060
70.046
70.032
70.020
70.006
69.993
69.979
69.971
69.957
69.943
69.928
69.922
69.908
69.893
69.878
69.865
69.852
69.839
69.828
69.816
69.803
69.788
69.778
69.764
69.750
69.739
69.725
69.711
69.700
69.686
69.673
69.659
69.645
69.631
69.618
69.603
69.590
69.577
69.563
69.550
69.536
69.523
69.509
69.496
69.481
69.470
69.457
69.443
69.430
69.417
69.404
69.391
69.377
69.363
69.350
69.335
69.321
69.307
69.292
69.279
69.264
69.251
69.237
69.225
69.211
69.196
69.184
69.176
69.162
69.149
69.134
69.121
69.108
69.096
69.086
69.071
69.059
69.045
69.031
69.017
69.008
68.994
68.981
68.971
68.957
68.943
68.931
68.918
68.904
68.891
68.883
68.872
68.859
68.846
68.832
68.819
68.807
68.794
68.780
68.766
68.754
68.742
68.728
68.715
68.702
68.688
68.674
68.660
68.647
68.634
68.621
68.607
68.594
68.581
68.569
68.556
68.543
68.528
68.516
68.503
68.496
68.486
68.474
68.461
68.453
68.443
68.430
68.416
68.406
68.393
68.392
68.379
68.365
68.351
68.338
68.324
68.310
68.297
68.287
68.274
68.261
68.247
68.236
68.223
68.210
68.200
68.188
68.175
68.163
68.151
68.138
68.125
68.112
68.100
68.087
68.074
68.061
68.049
68.036
68.025
68.011
67.999
67.984
67.970
67.957
67.947
67.935
67.923
67.910
67.897
67.882
67.871
67.858
67.845
67.832
67.821
67.808
67.794
67.781
67.768
67.754
67.741
67.727
67.714
67.700
67.690
67.676
67.663
67.650
67.637
67.630
67.617
67.606
67.592
67.580
67.567
67.554
67.542
67.529
67.515
67.502
67.488
67.476
67.463
67.450
67.437
67.425
67.412
67.399
67.387
67.376
67.363
67.352
67.340
67.327
67.314
67.301
67.289
67.275
67.262
67.250
67.239
67.227
67.216
67.205
67.192
67.179
67.166
67.153
67.141
67.129
67.117
67.108
67.096
67.085
67.073
67.061
67.053
67.041
67.028
67.016
67.003
66.992
66.981
66.968
66.955
66.943
66.930
66.918
66.906
66.893
66.881
66.870
66.859
66.846
66.833
66.821
66.808
66.795
66.782
66.771
66.773
66.764
66.751
66.739
66.728
66.716
66.704
66.692
66.679
66.666
66.655
66.643
66.632
66.619
66.612
66.600
66.589
66.576
66.564
66.555
66.542
66.531
66.519
66.507
66.495
66.483
66.469
66.457
66.445
66.433
66.421
66.410
66.400
66.395
66.382
66.370
66.357
66.343
66.330
66.319
66.308
66.294
66.287
66.275
66.264
66.251
66.239
66.227
66.217
66.204
66.193
66.180
66.167
66.155
66.144
66.133
66.122
66.111
66.100
66.088
66.076
66.063
66.051
66.039
66.027
66.015
66.003
65.990
65.980
65.973
65.963
65.951
65.943
65.932
65.921
65.908
65.902
65.891
65.878
65.868
65.857
65.847
65.835
65.823
65.811
65.799
65.787
65.775
65.763
65.750
65.742
65.730
65.717
65.712
65.703
65.707
65.695
65.683
65.672
65.659
65.647
65.635
65.623
65.612
65.599
65.588
65.580
65.568
65.556
65.544
65.533
65.522
65.511
65.500
65.490
65.477
65.466
65.454
65.442
65.430
65.419
65.408
65.397
65.385
65.374
65.363
65.350
65.339
65.327
65.315
65.306
65.295
65.286
65.275
65.266
65.259
65.247
65.236
65.225
65.213
65.210
65.199
65.190
65.180
65.168
65.155
65.144
65.134
65.125
65.113
65.101
65.089
65.077
65.066
65.064
65.053
65.042
65.031
65.019
65.008
64.997
64.986
64.974
64.965
64.955
64.945
64.933
64.921
64.910
64.899
64.888
64.878
64.868
64.857
64.846
64.835
64.835
64.828
64.817
64.807
64.796
64.788
64.776
64.765
64.754
64.745
64.737
64.726
64.716
64.705
64.693
64.692
64.680
64.669
64.659
64.648
64.638
64.627
64.624
64.612
64.600
64.588
64.577
64.569
64.557
64.546
64.535
64.525
64.513
64.501
64.489
64.478
64.467
64.456
64.444
64.433
64.426
64.426
64.415
64.407
64.395
64.385
64.374
64.362
64.353
64.341
64.338
64.327
64.315
64.303
64.291
64.280
64.268
64.259
64.248
64.237
64.225
64.215
64.203
64.193
64.181
64.174
64.164
64.152
64.140
64.133
64.124
64.112
64.102
64.105
64.093
64.083
64.073
64.062
64.051
64.040
64.035
64.024
64.013
64.001
63.989
63.978
63.967
63.956
63.945
63.934
63.923
63.912
63.909
63.898
63.888
63.877
63.866
63.855
63.849
63.838
63.828
63.816
63.806
63.795
63.792
63.782
63.771
63.760
63.750
63.738
63.729
63.721
63.710
63.700
63.690
63.679
63.669
63.663
63.653
63.642
63.630
63.620
63.610
63.598
63.590
63.579
63.568
63.571
63.560
63.550
63.541
63.531
63.520
63.509
63.498
63.490
63.480
63.473
63.464
63.454
63.442
63.432
63.422
63.410
63.404
63.393
63.383
63.372
63.362
63.351
63.340
63.330
63.322
63.315
63.308
63.297
63.285
63.275
63.264
63.252
63.242
63.235
63.224
63.213
63.202
63.190
63.179
63.168
63.164
63.159
63.148
63.138
63.130
63.121
63.113
63.106
63.095
63.086
63.076
63.066
63.058
63.048
63.040
63.029
63.026
63.021
63.012
63.002
62.990
62.982
62.971
62.963
62.953
62.942
62.931
62.921
62.910
62.899
62.888
62.881
62.871
62.863
62.854
62.850
62.839
62.831
62.820
62.810
62.800
62.795
62.784
62.773
62.766
62.757
62.747
62.742
62.734
62.723
62.714
62.703
62.695
62.684
62.676
62.667
62.657
62.646
62.637
62.627
62.616
62.605
62.596
62.586
62.576
62.567
62.557
62.545
62.537
62.535
62.526
62.516
62.506
62.495
62.485
62.474
62.464
62.453
62.442
62.431
62.420
62.410
62.399
62.389
62.379
62.368
62.358
62.348
62.338
62.328
62.318
62.308
62.297
62.286
62.276
62.269
62.260
62.250
62.241
62.230
62.220
62.210
62.201
62.193
62.183
62.172
62.162
62.152
62.143
62.133
62.124
62.113
62.103
62.093
62.083
62.072
62.063
62.053
62.042
62.033
62.023
62.014
62.005
61.994
61.985
61.975
61.964
61.957
61.949
61.944
61.933
61.923
61.913
61.904
61.894
61.884
61.877
61.873
61.865
61.861
61.851
61.840
61.829
61.820
61.815
61.807
61.796
61.786
61.777
61.767
61.757
61.748
61.738
61.728
61.719
61.709
61.698
61.689
61.678
61.672
61.664
61.654
61.645
61.635
61.625
61.616
61.605
61.595
61.584
61.574
61.570
61.561
61.551
61.541
61.531
61.521
61.515
61.505
61.497
61.486
61.476
61.467
61.457
61.448
61.437
61.427
61.417
61.407
61.398
61.388
61.379
61.369
61.359
61.350
61.339
61.330
61.320
61.313
61.302
61.291
61.281
61.272
61.262
61.253
61.242
61.232
61.223
61.213
61.203
61.193
61.185
61.176
61.166
61.156
61.147
61.137
61.126
61.117
61.108
61.099
61.090
61.080
61.070
61.060
61.050
61.040
61.032
61.022
61.012
61.002
60.991
60.981
60.972
60.961
60.952
60.943
60.933
60.924
60.914
60.904
60.895
60.885
60.875
60.866
60.857
60.847
60.837
60.826
60.818
60.808
60.801
60.790
60.780
60.770
60.761
60.750
60.741
60.731
60.721
60.712
60.702
60.692
60.683
60.673
60.663
60.653
60.643
60.633
60.623
60.615
60.606
60.596
60.586
60.578
60.571
60.562
60.552
60.542
60.533
60.523
60.515
60.505
60.496
60.487
60.477
60.468
60.458
60.449
60.439
60.430
60.421
60.412
60.404
60.394
60.386
60.376
60.366
60.356
60.347
60.339
60.329
60.319
60.310
60.301
60.292
60.282
60.273
60.263
60.256
60.247
60.240
60.229
60.220
60.211
60.201
60.192
60.183
60.174
60.164
60.155
60.147
60.138
60.127
60.118
60.108
60.100
60.089
60.079
60.071
60.062
60.053
60.045
60.035
60.027
60.017
60.010
60.002
59.992
59.982
59.973
59.963
59.954
59.945
59.936
59.926
59.917
59.907
59.899
59.890
59.881
59.871
59.862
59.853
59.843
59.834
59.826
59.816
59.807
59.797
59.788
59.779
59.770
59.761
59.752
59.743
59.735
59.725
59.716
59.706
59.697
59.688
59.678
59.667
59.658
59.649
59.641
59.631
59.623
59.614
59.605
59.596
59.587
59.578
59.569
59.559
59.550
59.541
59.532
59.522
59.513
59.504
59.494
59.485
59.475
59.466
59.457
59.448
59.438
59.431
59.422
59.413
59.405
59.395
59.386
59.377
59.368
59.358
59.350
59.341
59.332
59.323
59.314
59.305
59.296
59.287
59.278
59.270
59.261
59.251
59.242
59.233
59.224
59.216
59.207
59.198
59.189
59.180
59.170
59.160
59.151
59.145
59.136
59.128
59.121
59.111
59.101
59.092
59.083
59.073
59.066
59.057
59.048
59.039
59.030
59.020
59.011
59.002
58.993
58.985
58.977
58.968
58.959
58.949
58.940
58.931
58.922
58.913
58.903
58.895
58.886
58.877
58.869
58.860
58.853
58.843
58.833
58.824
58.816
58.807
58.798
58.790
58.781
58.773
58.764
58.755
58.745
58.737
58.729
58.720
58.710
58.702
58.692
58.684
58.675
58.666
58.657
58.648
58.639
58.629
58.621
58.613
58.604
58.596
58.586
58.577
58.571
58.564
58.555
58.546
58.537
58.529
58.521
58.512
58.502
58.494
58.485
58.479
58.471
58.461
58.452
58.444
58.435
58.426
58.418
58.413
58.405
58.395
58.386
58.377
58.368
58.359
58.350
58.341
58.333
58.324
58.315
58.307
58.300
58.291
58.283
58.274
58.266
58.257
58.248
58.239
58.231
58.223
58.214
58.204
58.196
58.187
58.179
58.169
58.160
58.152
58.144
58.135
58.127
58.120
58.111
58.103
58.095
58.089
58.080
58.072
58.063
58.054
58.045
58.036
58.027
58.019
58.011
58.003
57.994
57.986
57.977
57.968
57.959
57.950
57.943
57.936
57.928
57.920
57.912
57.903
57.894
57.886
57.878
57.869
57.861
57.854
57.845
57.839
57.831
57.823
57.814
57.806
57.798
57.790
57.781
57.773
57.766
57.758
57.753
57.745
57.736
57.727
57.719
57.711
57.703
57.695
57.687
57.678
57.670
57.662
57.653
57.646
57.638
57.630
57.622
57.613
57.605
57.596
57.588
57.579
57.571
57.562
57.556
57.548
57.539
57.531
57.522
57.514
57.511
57.502
57.494
57.486
57.480
57.473
57.464
57.455
57.447
57.440
57.434
57.427
57.419
57.411
57.402
57.395
57.386
57.378
57.370
57.361
57.353
57.346
57.338
57.330
57.322
57.313
57.305
57.297
57.289
57.281
57.273
57.266
57.258
57.251
57.242
57.234
57.227
57.218
57.210
57.203
57.197
57.189
57.181
57.173
57.164
57.156
57.147
57.139
57.130
57.123
57.115
57.107
57.100
57.094
57.085
57.077
57.069
57.061
57.053
57.045
57.038
57.029
57.022
57.014
57.007
56.998
56.991
56.983
56.975
56.967
56.960
56.952
56.944
56.936
56.927
56.919
56.911
56.903
56.895
56.887
56.880
56.872
56.864
56.856
56.848
56.840
56.832
56.824
56.816
56.808
56.799
56.790
56.782
56.774
56.765
56.757
56.749
56.741
56.733
56.726
56.718
56.709
56.701
56.693
56.686
56.677
56.669
56.661
56.653
56.646
56.638
56.630
56.622
56.615
56.607
56.599
56.591
56.583
56.575
56.567
56.558
56.551
56.543
56.536
56.528
56.520
56.513
56.505
56.496
56.488
56.481
56.473
56.464
56.457
56.450
56.442
56.436
56.427
56.421
56.413
56.404
56.397
56.389
56.382
56.374
56.366
56.358
56.350
56.343
56.334
56.326
56.318
56.310
56.302
56.295
56.287
56.280
56.272
56.263
56.256
56.248
56.240
56.232
56.224
56.216
56.209
56.201
56.193
56.185
56.177
56.169
56.161
56.153
56.144
56.137
56.129
56.121
56.113
56.105
56.097
56.090
56.083
56.075
56.068
56.059
56.052
56.044
56.036
56.029
56.021
56.013
56.005
55.998
55.990
55.982
55.973
55.969
55.962
55.954
55.946
55.938
55.930
55.922
55.914
55.906
55.899
55.891
55.882
55.875
55.867
55.860
55.853
55.845
55.837
55.829
55.821
55.814
55.806
55.798
55.790
55.783
55.775
55.768
55.760
55.752
55.743
55.736
55.729
55.721
55.713
55.705
55.698
55.690
55.682
55.674
55.666
55.658
55.651
55.643
55.636
55.628
55.621
55.613
55.605
55.599
55.591
55.584
55.577
55.569
55.562
55.554
55.546
55.539
55.532
55.524
55.517
55.509
55.501
55.493
55.485
55.477
55.470
55.462
55.455
55.447
55.440
55.434
55.425
55.418
55.410
55.403
55.395
55.388
55.380
55.374
55.367
55.358
55.351
55.344
55.336
55.328
55.321
55.314
55.306
55.299
55.291
55.284
55.276
55.269
55.260
55.252
55.244
55.237
55.230
55.222
55.215
55.208
55.200
55.193
55.187
55.180
55.173
55.165
55.159
55.152
55.145
55.138
55.131
55.124
55.117
55.109
55.101
55.094
55.086
55.079
55.071
55.064
55.057
55.049
55.042
55.035
55.027
55.019
55.012
55.004
54.997
54.989
54.982
54.974
54.967
54.959
54.952
54.945
54.938
54.930
54.923
54.916
54.909
54.901
54.894
54.887
54.879
54.871
54.864
54.857
54.850
54.842
54.835
54.828
54.820
54.813
54.806
54.798
54.792
54.785
54.778
54.770
54.762
54.756
54.748
54.741
54.733
54.725
54.718
54.711
54.704
54.697
54.690
54.684
54.676
54.669
54.662
54.654
54.647
54.640
54.632
54.625
54.618
54.611
54.605
54.597
54.589
54.582
54.575
54.567
54.560
54.552
54.547
54.540
54.534
54.527
54.520
54.514
54.507
54.500
54.492
54.483
54.477
54.469
54.462
54.454
54.448
54.440
54.433
54.426
54.419
54.411
54.405
54.398
54.391
54.384
54.376
54.369
54.363
54.356
54.348
54.342
54.335
54.328
54.320
54.313
54.305
54.298
54.290
54.283
54.276
54.269
54.263
54.255
54.248
54.241
54.234
54.227
54.220
54.213
54.206
54.199
54.192
54.186
54.179
54.172
54.165
54.159
54.151
54.144
54.137
54.130
54.124
54.117
54.109
54.104
54.097
54.090
54.083
54.076
54.069
54.062
54.055
54.050
54.044
54.038
54.030
54.023
54.017
54.010
54.003
53.996
53.989
53.982
53.975
53.968
53.960
53.953
53.946
53.940
53.933
53.926
53.920
53.913
53.906
53.899
53.893
53.886
53.880
53.874
53.867
53.860
53.853
53.846
53.839
53.832
53.825
53.818
53.811
53.805
53.798
53.791
53.785
53.778
53.770
53.763
53.756
53.749
53.742
53.736
53.729
53.722
53.715
53.707
53.701
53.694
53.687
53.680
53.674
53.668
53.660
53.654
53.647
53.641
53.634
53.627
53.620
53.614
53.607
53.601
53.593
53.587
53.580
53.573
53.566
53.559
53.553
53.546
53.540
53.533
53.526
53.519
53.513
53.506
53.500
53.493
53.486
53.480
53.473
53.467
53.460
53.453
53.446
53.439
53.433
53.427
53.420
53.413
53.406
53.399
53.392
53.386
53.378
53.371
53.365
53.359
53.352
53.346
53.339
53.333
53.326
53.319
53.313
53.307
53.300
53.293
53.286
53.280
53.273
53.266
53.259
53.252
53.245
53.239
53.232
53.226
53.219
53.213
53.207
53.201
53.194
53.187
53.180
53.173
53.167
53.161
53.154
53.147
53.141
53.134
53.127
53.122
53.115
53.109
53.102
53.095
53.088
53.081
53.074
53.068
53.061
53.054
53.047
53.041
53.035
53.028
53.021
53.015
53.008
53.002
52.995
52.988
52.981
52.974
52.967
52.961
52.954
52.948
52.941
52.935
52.928
52.921
52.914
52.907
52.902
52.895
52.889
52.882
52.875
52.869
52.862
52.856
52.850
52.843
52.836
52.830
52.823
52.817
52.810
52.804
52.797
52.791
52.784
52.777
52.771
52.764
52.758
52.751
52.746
52.739
52.733
52.726
52.719
52.713
52.707
52.700
52.694
52.687
52.680
52.674
52.667
52.661
52.654
52.648
52.641
52.634
52.627
52.621
52.615
52.609
52.602
52.596
52.590
52.583
52.577
52.571
52.564
52.558
52.552
52.545
52.538
52.532
52.526
52.520
52.513
52.506
52.499
52.493
52.485
52.479
52.472
52.465
52.459
52.453
52.446
52.440
52.433
52.427
52.420
52.414
52.408
52.401
52.394
52.387
52.381
52.374
52.367
52.361
52.355
52.348
52.342
52.336
52.330
52.323
52.316
52.309
52.303
52.296
52.289
52.283
52.277
52.270
52.264
52.257
52.251
52.244
52.238
52.231
52.224
52.219
52.213
52.207
52.200
52.194
52.189
52.181
52.175
52.169
52.162
52.155
52.149
52.143
52.137
52.130
52.124
52.117
52.111
52.106
52.099
52.093
52.086
52.080
52.074
52.068
52.061
52.055
52.049
52.042
52.035
52.029
52.022
52.016
52.010
52.003
51.997
51.991
51.985
51.977
51.971
51.964
51.958
51.951
51.945
51.938
51.932
51.926
51.920
51.914
51.907
51.901
51.895
51.888
51.882
51.876
51.870
51.864
51.857
51.850
51.844
51.838
51.832
51.827
51.820
51.815
51.808
51.802
51.796
51.789
51.783
51.777
51.770
51.764
51.757
51.751
51.746
51.740
51.733
51.727
51.721
51.715
51.709
51.702
51.695
51.688
51.682
51.675
51.669
51.663
51.657
51.651
51.644
51.638
51.631
51.625
51.618
51.612
51.606
51.599
51.593
51.587
51.581
51.575
51.569
51.563
51.557
51.551
51.545
51.538
51.532
51.526
51.519
51.513
51.507
51.501
51.495
51.488
51.482
51.476
51.470
51.464
51.458
51.451
51.445
51.439
51.433
51.428
51.421
51.416
51.410
51.403
51.397
51.391
51.384
51.379
51.372
51.366
51.360
51.354
51.347
51.341
51.335
51.329
51.323
51.317
51.311
51.305
51.299
51.294
51.288
51.282
51.276
51.270
51.264
51.258
51.252
51.245
51.239
51.233
51.226
51.220
51.214
51.208
51.202
51.196
51.190
51.184
51.178
51.171
51.166
51.160
51.154
51.148
51.142
51.137
51.132
51.125
51.119
51.113
51.106
51.100
51.095
51.089
51.082
51.076
51.070
51.064
51.058
51.052
51.046
51.040
51.034
51.027
51.022
51.016
51.009
51.003
50.998
50.992
50.986
50.980
50.973
50.968
50.961
50.955
50.949
50.943
50.937
50.931
50.925
50.919
50.913
50.907
50.900
50.894
50.888
50.882
50.877
50.871
50.865
50.858
50.852
50.846
50.841
50.834
50.828
50.823
50.817
50.811
50.805
50.799
50.793
50.786
50.780
50.775
50.769
50.763
50.758
50.752
50.746
50.740
50.733
50.727
50.722
50.716
50.710
50.704
50.698
50.692
50.686
50.680
50.674
50.668
50.662
50.656
50.650
50.645
50.639
50.633
50.628
50.622
50.616
50.610
50.605
50.598
50.592
50.587
50.581
50.575
50.569
50.563
50.557
50.551
50.546
50.540
50.535
50.529
50.523
50.517
50.511
50.505
50.500
50.494
50.488
50.482
50.476
50.469
50.463
50.458
50.452
50.447
50.441
50.435
50.429
50.423
50.418
50.412
50.406
50.400
50.394
50.388
50.382
50.376
50.370
50.364
50.359
50.353
50.347
50.341
50.336
50.330
50.323
50.318
50.312
50.307
50.302
50.295
50.290
50.284
50.278
50.273
50.267
50.262
50.256
50.251
50.245
50.239
50.233
50.227
50.221
50.215
50.210
50.204
50.199
50.193
50.186
50.181
50.175
50.169
50.163
50.157
50.152
50.146
50.140
50.135
50.128
50.123
50.118
50.112
50.107
50.101
50.096
50.090
50.085
50.079
50.073
50.068
50.061
50.056
50.050
50.045
50.039
50.033
50.027
50.021
50.016
50.010
50.004
49.998
49.992
49.987
49.981
49.976
49.970
49.963
49.958
49.952
49.947
49.941
49.936
49.930
49.925
49.919
49.913
49.908
49.902
49.897
49.891
49.886
49.881
49.875
49.870
49.865
49.858
49.853
49.847
49.842
49.836
49.831
49.826
49.820
49.814
49.808
49.802
49.798
49.793
49.787
49.782
49.776
49.770
49.764
49.760
49.754
49.749
49.743
49.738
49.732
49.726
49.720
49.714
49.709
49.703
49.697
49.692
49.686
49.680
49.675
49.669
49.663
49.658
49.652
49.647
49.641
49.636
49.630
49.624
49.618
49.612
49.608
49.601
49.596
49.590
49.584
49.579
49.573
49.568
49.562
49.556
49.551
49.546
49.541
49.534
49.529
49.524
49.518
49.513
49.507
49.501
49.495
49.490
49.484
49.479
49.474
49.468
49.462
49.456
49.450
49.445
49.440
49.434
49.429
49.423
49.418
49.412
49.407
49.401
49.396
49.391
49.386
49.380
49.374
49.369
49.363
49.357
49.352
49.346
49.340
49.334
49.329
49.323
49.318
49.312
49.306
49.301
49.296
49.290
49.286
49.280
49.274
49.268
49.263
49.258
49.252
49.247
49.242
49.236
49.231
49.226
49.221
49.215
49.210
49.205
49.200
49.195
49.190
49.184
49.179
49.174
49.169
49.163
49.158
49.152
49.147
49.141
49.136
49.130
49.125
49.120
49.114
49.109
49.103
49.097
49.092
49.087
49.081
49.076
49.070
49.065
49.059
49.054
49.049
49.043
49.038
49.033
49.027
49.022
49.016
49.011
49.006
49.001
48.995
48.990
48.984
48.979
48.974
48.969
48.964
48.958
48.953
48.948
48.942
48.937
48.931
48.926
48.920
48.914
48.909
48.903
48.898
48.893
48.887
48.882
48.876
48.871
48.866
48.861
48.857
48.851
48.846
48.841
48.835
48.830
48.825
48.820
48.814
48.809
48.803
48.798
48.793
48.788
48.782
48.777
48.771
48.766
48.760
48.755
48.749
48.744
48.739
48.733
48.727
48.722
48.717
48.712
48.707
48.702
48.697
48.692
48.686
48.680
48.674
48.669
48.664
48.659
48.653
48.648
48.642
48.637
48.631
48.626
48.621
48.616
48.611
48.606
48.600
48.594
48.589
48.584
48.578
48.572
48.567
48.562
48.557
48.551
48.546
48.540
48.535
48.530
48.525
48.519
48.514
48.509
48.503
48.498
48.493
48.488
48.483
48.477
48.472
48.467
48.462
48.457
48.452
48.446
48.441
48.436
48.431
48.425
48.420
48.415
48.411
48.406
48.401
48.396
48.391
48.385
48.380
48.375
48.369
48.364
48.359
48.354
48.349
48.344
48.339
48.333
48.329
48.325
48.319
48.314
48.308
48.304
48.299
48.293
48.287
48.281
48.276
48.271
48.266
48.260
48.256
48.250
48.245
48.241
48.235
48.230
48.225
48.219
48.214
48.209
48.204
48.199
48.193
48.188
48.183
48.178
48.172
48.167
48.162
48.157
48.152
48.148
48.142
48.137
48.132
48.127
48.122
48.117
48.112
48.107
48.102
48.097
48.092
48.086
48.081
48.076
48.071
48.066
48.061
48.056
48.051
48.046
48.041
48.036
48.031
48.026
48.021
48.016
48.010
48.005
48.000
47.994
47.990
47.985
47.979
47.974
47.968
47.963
47.959
47.953
47.948
47.942
47.937
47.932
47.927
47.922
47.917
47.911
47.906
47.901
47.896
47.891
47.885
47.880
47.875
47.870
47.864
47.859
47.854
47.849
47.844
47.838
47.833
47.828
47.823
47.818
47.813
47.807
47.802
47.797
47.792
47.787
47.782
47.777
47.771
47.766
47.761
47.756
47.751
47.746
47.741
47.736
47.731
47.725
47.720
47.715
47.710
47.705
47.700
47.695
47.691
47.685
47.681
47.676
47.671
47.666
47.662
47.657
47.652
47.647
47.642
47.637
47.632
47.626
47.622
47.617
47.612
47.607
47.601
47.596
47.592
47.587
47.582
47.577
47.573
47.568
47.563
47.558
47.553
47.549
47.544
47.539
47.534
47.529
47.524
47.520
47.515
47.510
47.505
47.500
47.496
47.491
47.486
47.481
47.476
47.471
47.466
47.461
47.456
47.450
47.446
47.440
47.435
47.431
47.426
47.421
47.417
47.412
47.407
47.402
47.397
47.392
47.387
47.382
47.377
47.373
47.368
47.363
47.358
47.353
47.348
47.343
47.338
47.334
47.328
47.323
47.318
47.313
47.309
47.304
47.299
47.294
47.289
47.285
47.280
47.275
47.270
47.264
47.260
47.254
47.249
47.244
47.240
47.235
47.230
47.225
47.220
47.215
47.210
47.205
47.200
47.196
47.191
47.185
47.181
47.176
47.171
47.166
47.161
47.157
47.153
47.148
47.143
47.138
47.132
47.127
47.122
47.117
47.112
47.107
47.102
47.097
47.092
47.088
47.083
47.078
47.074
47.069
47.064
47.059
47.054
47.049
47.044
47.039
47.035
47.030
47.025
47.021
47.016
47.011
47.007
47.002
46.997
46.992
46.987
46.982
46.977
46.972
46.968
46.963
46.958
46.953
46.949
46.944
46.940
46.935
46.930
46.926
46.922
46.917
46.912
46.907
46.902
46.898
46.893
46.887
46.882
46.877
46.873
46.867
46.863
46.858
46.853
46.848
46.843
46.838
46.834
46.830
46.825
46.820
46.815
46.810
46.805
46.800
46.794
46.789
46.784
46.779
46.775
46.770
46.765
46.761
46.756
46.751
46.746
46.741
46.736
46.731
46.727
46.722
46.717
46.713
46.708
46.703
46.698
46.693
46.688
46.683
46.678
46.674
46.669
46.665
46.660
46.656
46.651
46.647
46.642
46.637
46.633
46.628
46.623
46.618
46.614
46.609
46.605
46.600
46.595
46.590
46.585
46.580
46.576
46.570
46.566
46.561
46.557
46.552
46.547
46.543
46.538
46.533
46.528
46.524
46.519
46.515
46.510
46.505
46.500
46.496
46.491
46.486
46.481
46.476
46.472
46.467
46.462
46.458
46.453
46.449
46.444
46.440
46.436
46.431
46.427
46.423
46.418
46.414
46.409
46.405
46.400
46.395
46.390
46.386
46.381
46.376
46.372
46.367
46.362
46.358
46.353
46.348
46.343
46.339
46.335
46.330
46.325
46.321
46.317
46.312
46.308
46.303
46.298
46.294
46.289
46.285
46.280
46.275
46.271
46.267
46.262
46.257
46.253
46.248
46.243
46.239
46.235
46.231
46.226
46.221
46.217
46.213
46.209
46.204
46.200
46.195
46.191
46.186
46.182
46.177
46.173
46.169
46.164
46.160
46.156
46.151
46.146
46.142
46.137
46.133
46.129
46.124
46.119
46.114
46.110
46.106
46.101
46.097
46.092
46.087
46.083
46.078
46.073
46.069
46.065
46.060
46.056
46.051
46.046
46.042
46.038
46.033
46.029
46.024
46.019
46.015
46.010
46.006
46.001
45.996
45.992
45.988
45.984
45.979
45.975
45.971
45.966
45.962
45.958
45.954
45.949
45.945
45.940
45.935
45.931
45.926
45.922
45.917
45.913
45.908
45.903
45.899
45.895
45.890
45.885
45.881
45.877
45.873
45.868
45.863
45.858
45.853
45.849
45.845
45.841
45.836
45.832
45.827
45.822
45.817
45.813
45.808
45.804
45.799
45.794
45.790
45.786
45.782
45.778
45.774
45.769
45.764
45.760
45.756
45.751
45.746
45.742
45.737
45.733
45.728
45.725
45.720
45.716
45.712
45.707
45.702
45.697
45.693
45.688
45.684
45.679
45.675
45.670
45.666
45.662
45.658
45.653
45.649
45.645
45.640
45.636
45.632
45.627
45.623
45.618
45.614
45.609
45.605
45.601
45.597
45.592
45.588
45.583
45.578
45.574
45.570
45.565
45.561
45.556
45.552
45.548
45.543
45.539
45.535
45.530
45.525
45.521
45.517
45.513
45.508
45.504
45.500
45.495
45.491
45.486
45.482
45.477
45.473
45.468
45.464
45.459
45.455
45.451
45.446
45.442
45.437
45.433
45.428
45.424
45.420
45.416
45.412
45.407
45.402
45.398
45.394
45.390
45.385
45.381
45.377
45.372
45.367
45.363
45.359
45.354
45.350
45.346
45.342
45.337
45.333
45.329
45.325
45.320
45.316
45.312
45.308
45.304
45.299
45.295
45.290
45.286
45.282
45.278
45.274
45.269
45.265
45.261
45.256
45.252
45.248
45.244
45.239
45.235
45.231
45.226
45.222
45.218
45.213
45.209
45.204
45.200
45.196
45.192
45.187
45.183
45.178
45.174
45.170
45.165
45.161
45.157
45.153
45.149
45.145
45.140
45.136
45.132
45.127
45.123
45.119
45.114
45.110
45.106
45.102
45.097
45.093
45.088
45.085
45.080
45.076
45.072
45.068
45.064
45.059
45.055
45.051
45.046
45.042
45.038
45.034
45.030
45.025
45.021
45.017
45.012
45.008
45.004
45.000
44.996
44.991
44.987
44.982
44.978
44.974
44.970
44.965
44.960
44.956
44.952
44.947
44.943
44.939
44.935
44.931
44.927
44.922
44.918
44.914
44.909
44.905
44.901
44.896
44.892
44.888
44.884
44.880
44.876
44.872
44.867
44.863
44.859
44.855
44.851
44.846
44.842
44.837
44.834
44.829
44.825
44.821
44.817
44.813
44.808
44.804
44.800
44.796
44.792
44.787
44.783
44.779
44.775
44.771
44.766
44.762
44.758
44.753
44.749
44.744
44.740
44.735
44.731
44.727
44.723
44.719
44.715
44.711
44.706
44.702
44.698
44.694
44.689
44.685
44.682
44.678
44.674
44.670
44.665
44.661
44.657
44.652
44.648
44.644
44.640
44.635
44.631
44.627
44.622
44.618
44.614
44.610
44.606
44.601
44.597
44.592
44.588
44.584
44.580
44.575
44.571
44.567
44.562
44.558
44.553
44.549
44.545
44.541
44.536
44.532
44.528
44.525
44.520
44.516
44.512
44.507
44.503
44.499
44.494
44.491
44.486
44.482
44.478
44.474
44.470
44.466
44.461
44.458
44.453
44.449
44.444
44.440
44.436
44.432
44.428
44.424
44.420
44.415
44.411
44.407
44.403
44.398
44.394
44.390
44.386
44.382
44.378
44.374
44.370
44.365
44.361
44.357
44.353
44.348
44.344
44.340
44.336
44.332
44.328
44.323
44.319
44.315
44.311
44.307
44.303
44.299
44.295
44.291
44.287
44.283
44.279
44.276
44.272
44.268
44.264
44.260
44.256
44.252
44.248
44.244
44.240
44.237
44.232
44.228
44.224
44.220
44.216
44.212
44.208
44.204
44.200
44.196
44.192
44.188
44.184
44.180
44.176
44.172
44.168
44.164
44.159
44.155
44.151
44.147
44.144
44.140
44.135
44.131
44.127
44.123
44.119
44.114
44.110
44.106
44.102
44.098
44.094
44.090
44.086
44.082
44.078
44.074
44.070
44.066
44.062
44.058
44.054
44.050
44.047
44.043
44.039
44.035
44.031
44.027
44.023
44.019
44.015
44.011
44.006
44.003
43.999
43.995
43.991
43.987
43.983
43.979
43.975
43.970
43.967
43.962
43.959
43.955
43.951
43.947
43.943
43.939
43.935
43.931
43.927
43.923
43.919
43.914
43.910
43.907
43.903
43.899
43.895
43.891
43.887
43.884
43.880
43.876
43.871
43.867
43.863
43.859
43.855
43.851
43.846
43.842
43.838
43.834
43.830
43.827
43.822
43.818
43.814
43.810
43.806
43.802
43.798
43.794
43.790
43.786
43.782
43.777
43.774
43.770
43.766
43.762
43.759
43.755
43.751
43.747
43.743
43.739
43.735
43.731
43.727
43.723
43.719
43.715
43.712
43.708
43.705
43.701
43.697
43.693
43.689
43.685
43.681
43.677
43.673
43.670
43.665
43.661
43.658
43.653
43.649
43.646
43.642
43.638
43.634
43.630
43.626
43.623
43.619
43.615
43.612
43.607
43.603
43.599
43.595
43.591
43.587
43.583
43.580
43.576
43.573
43.569
43.565
43.561
43.557
43.553
43.549
43.545
43.541
43.537
43.533
43.529
43.525
43.521
43.517
43.513
43.509
43.506
43.502
43.498
43.494
43.490
43.487
43.483
43.479
43.475
43.472
43.468
43.464
43.460
43.456
43.452
43.448
43.444
43.440
43.436
43.433
43.429
43.425
43.421
43.417
43.414
43.410
43.406
43.402
43.399
43.395
43.391
43.388
43.384
43.380
43.376
43.373
43.369
43.365
43.361
43.357
43.353
43.349
43.345
43.342
43.337
43.334
43.330
43.326
43.323
43.319
43.315
43.312
43.307
43.304
43.300
43.296
43.293
43.289
43.285
43.281
43.277
43.273
43.269
43.266
43.262
43.258
43.255
43.251
43.248
43.244
43.240
43.236
43.232
43.228
43.224
43.221
43.217
43.213
43.209
43.205
43.202
43.198
43.194
43.190
43.187
43.183
43.179
43.175
43.171
43.167
43.163
43.159
43.155
43.151
43.148
43.144
43.139
43.136
43.132
43.129
43.125
43.121
43.117
43.113
43.109
43.106
43.102
43.098
43.094
43.091
43.087
43.083
43.079
43.075
43.072
43.068
43.064
43.061
43.057
43.053
43.050
43.046
43.042
43.038
43.034
43.031
43.027
43.023
43.020
43.016
43.013
43.009
43.005
43.001
42.998
42.994
42.990
42.986
42.982
42.978
42.974
42.970
42.967
42.963
42.959
42.955
42.952
42.948
42.944
42.940
42.936
42.933
42.929
42.925
42.922
42.918
42.914
42.910
42.906
42.902
42.899
42.895
42.891
42.888
42.884
42.880
42.876
42.873
42.869
42.865
42.861
42.858
42.854
42.851
42.847
42.844
42.840
42.836
42.833
42.829
42.825
42.821
42.817
42.814
42.810
42.806
42.802
42.799
42.795
42.791
42.788
42.784
42.781
42.777
42.774
42.770
42.766
42.762
42.758
42.755
42.751
42.748
42.744
42.740
42.736
42.733
42.729
42.726
42.722
42.719
42.715
42.712
42.708
42.704
42.701
42.697
42.694
42.690
42.687
42.683
42.680
42.676
42.672
42.669
42.665
42.661
42.657
42.654
42.650
42.647
42.643
42.640
42.636
42.633
42.629
42.625
42.621
42.617
42.613
42.610
42.606
42.603
42.599
42.596
42.592
42.589
42.586
42.582
42.579
42.575
42.571
42.567
42.564
42.560
42.557
42.553
42.549
42.546
42.542
42.538
42.534
42.531
42.528
42.524
42.521
42.517
42.513
42.510
42.506
42.503
42.499
42.495
42.492
42.488
42.485
42.481
42.477
42.474
42.470
42.466
42.463
42.460
42.456
42.452
42.449
42.445
42.441
42.438
42.434
42.431
42.428
42.424
42.421
42.417
42.413
42.410
42.406
42.403
42.399
42.395
42.391
42.388
42.384
42.380
42.377
42.373
42.370
42.367
42.363
42.359
42.356
42.353
42.349
42.346
42.342
42.338
42.335
42.331
42.328
42.324
42.320
42.317
42.313
42.310
42.306
42.303
42.300
42.296
42.292
42.289
42.285
42.282
42.278
42.275
42.271
42.268
42.264
42.261
42.257
42.253
42.249
42.246
42.242
42.239
42.235
42.231
42.228
42.224
42.220
42.217
42.213
42.209
42.206
42.203
42.199
42.195
42.192
42.189
42.185
42.181
42.178
42.175
42.172
42.168
42.165
42.161
42.158
42.154
42.151
42.147
42.143
42.140
42.136
42.133
42.129
42.126
42.123
42.119
42.115
42.112
42.108
42.105
42.101
42.097
42.094
42.090
42.087
42.084
42.080
42.076
42.072
42.069
42.065
42.062
42.058
42.055
42.051
42.048
42.045
42.041
42.038
42.034
42.030
42.026
42.023
42.019
42.016
42.012
42.009
42.005
42.002
41.998
41.995
41.991
41.988
41.984
41.981
41.977
41.973
41.970
41.967
41.963
41.960
41.957
41.954
41.950
41.947
41.943
41.940
41.936
41.933
41.929
41.926
41.922
41.919
41.915
41.912
41.909
41.905
41.902
41.898
41.895
41.892
41.888
41.885
41.881
41.878
41.875
41.871
41.868
41.864
41.861
41.858
41.854
41.851
41.848
41.844
41.841
41.837
41.834
41.831
41.827
41.824
41.820
41.817
41.814
41.810
41.807
41.803
41.800
41.796
41.793
41.790
41.786
41.782
41.779
41.776
41.772
41.769
41.766
41.762
41.759
41.756
41.752
41.749
41.745
41.742
41.738
41.735
41.732
41.729
41.725
41.722
41.718
41.714
41.711
41.707
41.704
41.701
41.697
41.694
41.690
41.687
41.684
41.680
41.677
41.673
41.670
41.667
41.663
41.660
41.657
41.654
41.650
41.647
41.643
41.640
41.636
41.633
41.630
41.626
41.623
41.619
41.616
41.612
41.609
41.605
41.602
41.598
41.595
41.592
41.588
41.585
41.581
41.578
41.574
41.571
41.567
41.564
41.561
41.557
41.554
41.550
41.547
41.543
41.540
41.537
41.534
41.530
41.527
41.524
41.521
41.517
41.514
41.510
41.507
41.503
41.500
41.497
41.493
41.490
41.486
41.483
41.480
41.476
41.473
41.469
41.466
41.462
41.459
41.456
41.452
41.449
41.446
41.443
41.439
41.435
41.432
41.429
41.425
41.422
41.419
41.416
41.413
41.409
41.406
41.403
41.400
41.396
41.393
41.390
41.386
41.383
41.380
41.376
41.373
41.370
41.367
41.364
41.361
41.357
41.354
41.350
41.347
41.343
41.340
41.337
41.334
41.330
41.327
41.323
41.320
41.317
41.314
41.310
41.307
41.304
41.301
41.298
41.295
41.291
41.288
41.285
41.281
41.278
41.275
41.271
41.268
41.265
41.261
41.258
41.254
41.251
41.248
41.245
41.242
41.238
41.235
41.232
41.229
41.226
41.222
41.219
41.215
41.212
41.209
41.205
41.202
41.199
41.196
41.192
41.189
41.185
41.182
41.179
41.176
41.172
41.169
41.165
41.162
41.158
41.155
41.151
41.148
41.145
41.142
41.139
41.135
41.132
41.128
41.125
41.122
41.118
41.115
41.112
41.109
41.105
41.102
41.098
41.095
41.091
41.088
41.084
41.081
41.077
41.074
41.071
41.067
41.064
41.061
41.057
41.054
41.050
41.048
41.044
41.041
41.038
41.034
41.031
41.028
41.025
41.021
41.018
41.015
41.012
41.009
41.006
41.003
40.999
40.996
40.993
40.989
40.986
40.983
40.980
40.976
40.973
40.969
40.966
40.963
40.960
40.957
40.953
40.950
40.946
40.943
40.940
40.937
40.933
40.930
40.927
40.924
40.921
40.917
40.914
40.911
40.907
40.904
40.900
40.897
40.894
40.891
40.887
40.884
40.881
40.878
40.874
40.871
40.868
40.865
40.861
40.858
40.855
40.852
40.848
40.845
40.842
40.839
40.836
40.833
40.829
40.826
40.823
40.819
40.816
40.813
40.809
40.806
40.804
40.800
40.797
40.794
40.791
40.787
40.784
40.781
40.777
40.774
40.770
40.767
40.764
40.761
40.758
40.754
40.751
40.748
40.745
40.741
40.738
40.735
40.732
40.728
40.725
40.721
40.718
40.715
40.712
40.708
40.705
40.702
40.699
40.696
40.692
40.689
40.686
40.683
40.680
40.677
40.673
40.670
40.667
40.664
40.661
40.658
40.655
40.651
40.648
40.645
40.641
40.638
40.635
40.632
40.629
40.626
40.623
40.619
40.616
40.613
40.610
40.607
40.604
40.600
40.597
40.594
40.591
40.588
40.586
40.582
40.580
40.576
40.573
40.570
40.567
40.563
40.560
40.557
40.554
40.551
40.548
40.545
40.541
40.538
40.535
40.531
40.528
40.525
40.522
40.519
40.516
40.513
40.510
40.507
40.503
40.500
40.497
40.494
40.491
40.488
40.485
40.482
40.478
40.475
40.472
40.469
40.466
40.463
40.460
40.456
40.453
40.450
40.447
40.444
40.441
40.438
40.435
40.431
40.429
40.426
40.423
40.420
40.417
40.414
40.410
40.407
40.404
40.401
40.398
40.395
40.392
40.389
40.386
40.383
40.379
40.377
40.373
40.370
40.367
40.364
40.361
40.358
40.354
40.351
40.348
40.345
40.342
40.339
40.336
40.333
40.330
40.327
40.324
40.321
40.318
40.315
40.312
40.308
40.305
40.302
40.299
40.296
40.293
40.290
40.287
40.284
40.281
40.278
40.275
40.271
40.268
40.265
40.262
40.259
40.255
40.251
40.248
40.245
40.243
40.240
40.237
40.234
40.230
40.228
40.224
40.221
40.218
40.215
40.212
40.209
40.205
40.203
40.200
40.196
40.193
40.190
40.187
40.183
40.180
40.177
40.174
40.171
40.168
40.165
40.162
40.159
40.157
40.153
40.151
40.148
40.145
40.142
40.139
40.136
40.133
40.130
40.127
40.124
40.121
40.118
40.115
40.112
40.109
40.106
40.102
40.099
40.096
40.093
40.090
40.086
40.084
40.080
40.077
40.074
40.071
40.068
40.065
40.062
40.059
40.056
40.053
40.050
40.047
40.044
40.041
40.038
40.035
40.032
40.029
40.026
40.023
40.020
40.017
40.014
40.010
40.007
40.004
40.001
39.998
39.995
39.992
39.988
39.985
39.982
39.979
39.975
39.972
39.969
39.966
39.962
39.960
39.957
39.954
39.951
39.947
39.944
39.941
39.938
39.935
39.932
39.929
39.926
39.923
39.920
39.917
39.914
39.911
39.908
39.905
39.902
39.899
39.896
39.893
39.890
39.887
39.884
39.881
39.878
39.874
39.871
39.868
39.865
39.862
39.860
39.856
39.853
39.850
39.847
39.844
39.841
39.838
39.835
39.832
39.829
39.826
39.823
39.820
39.817
39.814
39.811
39.808
39.805
39.802
39.799
39.795
39.792
39.789
39.786
39.783
39.780
39.778
39.775
39.772
39.769
39.766
39.763
39.759
39.756
39.753
39.750
39.747
39.744
39.741
39.738
39.735
39.733
39.730
39.727
39.724
39.721
39.718
39.715
39.712
39.709
39.705
39.703
39.700
39.697
39.694
39.691
39.689
39.686
39.683
39.680
39.677
39.674
39.672
39.669
39.666
39.663
39.660
39.657
39.654
39.652
39.649
39.646
39.642
39.639
39.637
39.633
39.630
39.628
39.625
39.622
39.619
39.616
39.613
39.610
39.607
39.605
39.602
39.599
39.596
39.593
39.590
39.587
39.584
39.581
39.578
39.575
39.572
39.569
39.566
39.563
39.560
39.557
39.555
39.552
39.549
39.546
39.543
39.540
39.537
39.534
39.531
39.528
39.526
39.523
39.520
39.517
39.514
39.511
39.508
39.505
39.503
39.499
39.496
39.493
39.490
39.487
39.484
39.481
39.478
39.475
39.472
39.469
39.466
39.463
39.460
39.457
39.455
39.452
39.449
39.446
39.443
39.440
39.437
39.434
39.431
39.429
39.426
39.423
39.420
39.417
39.414
39.411
39.409
39.405
39.402
39.400
39.397
39.394
39.391
39.388
39.385
39.382
39.379
39.376
39.373
39.370
39.367
39.365
39.362
39.359
39.357
39.354
39.351
39.347
39.345
39.342
39.339
39.336
39.333
39.330
39.327
39.324
39.321
39.318
39.316
39.313
39.310
39.307
39.304
39.301
39.298
39.295
39.293
39.290
39.287
39.284
39.282
39.279
39.276
39.273
39.270
39.268
39.265
39.262
39.259
39.256
39.253
39.250
39.247
39.244
39.242
39.239
39.236
39.233
39.230
39.227
39.224
39.222
39.219
39.216
39.213
39.210
39.207
39.204
39.201
39.198
39.195
39.193
39.190
39.187
39.184
39.181
39.178
39.175
39.172
39.170
39.167
39.164
39.161
39.158
39.155
39.152
39.150
39.146
39.143
39.141
39.138
39.135
39.132
39.130
39.127
39.124
39.121
39.118
39.115
39.112
39.109
39.106
39.103
39.100
39.098
39.095
39.092
39.089
39.086
39.083
39.080
39.078
39.075
39.072
39.070
39.067
39.064
39.062
39.059
39.056
39.053
39.050
39.047
39.045
39.042
39.039
39.036
39.033
39.030
39.027
39.024
39.021
39.018
39.016
39.013
39.010
39.007
39.004
39.001
38.998
38.995
38.992
38.990
38.986
38.983
38.980
38.978
38.975
38.972
38.969
38.966
38.963
38.961
38.958
38.955
38.952
38.949
38.947
38.944
38.941
38.938
38.935
38.933
38.930
38.927
38.924
38.921
38.918
38.916
38.912
38.909
38.907
38.904
38.901
38.898
38.895
38.892
38.890
38.887
38.884
38.882
38.879
38.876
38.873
38.870
38.867
38.864
38.861
38.858
38.856
38.853
38.850
38.847
38.844
38.842
38.839
38.837
38.834
38.831
38.828
38.825
38.823
38.820
38.817
38.814
38.811
38.808
38.805
38.803
38.800
38.797
38.794
38.791
38.788
38.786
38.783
38.780
38.777
38.775
38.772
38.769
38.766
38.763
38.761
38.758
38.756
38.753
38.750
38.747
38.744
38.742
38.739
38.736
38.733
38.730
38.728
38.725
38.723
38.720
38.717
38.714
38.712
38.709
38.706
38.703
38.701
38.698
38.695
38.692
38.689
38.686
38.683
38.681
38.678
38.675
38.672
38.669
38.667
38.664
38.662
38.659
38.656
38.654
38.651
38.648
38.645
38.642
38.640
38.637
38.634
38.631
38.629
38.626
38.623
38.621
38.618
38.615
38.612
38.609
38.607
38.604
38.601
38.598
38.596
38.593
38.590
38.588
38.585
38.582
38.579
38.577
38.574
38.572
38.569
38.566
38.564
38.561
38.559
38.556
38.553
38.550
38.548
38.545
38.543
38.540
38.538
38.535
38.532
38.530
38.527
38.524
38.522
38.519
38.516
38.514
38.511
38.508
38.505
38.502
38.500
38.497
38.494
38.491
38.488
38.486
38.483
38.480
38.477
38.474
38.471
38.469
38.466
38.463
38.460
38.458
38.455
38.452
38.449
38.447
38.444
38.441
38.438
38.435
38.433
38.430
38.427
38.425
38.422
38.419
38.417
38.414
38.411
38.408
38.406
38.403
38.400
38.397
38.395
38.392
38.390
38.387
38.384
38.382
38.379
38.377
38.374
38.371
38.368
38.365
38.363
38.360
38.357
38.355
38.352
38.350
38.347
38.344
38.341
38.338
38.336
38.333
38.330
38.328
38.325
38.322
38.320
38.318
38.315
38.312
38.309
38.306
38.304
38.301
38.299
38.296
38.294
38.291
38.288
38.285
38.283
38.280
38.278
38.275
38.272
38.270
38.267
38.264
38.262
38.259
38.256
38.254
38.251
38.248
38.245
38.242
38.240
38.237
38.235
38.232
38.230
38.227
38.224
38.221
38.219
38.217
38.214
38.211
38.208
38.206
38.203
38.201
38.198
38.196
38.193
38.190
38.188
38.186
38.183
38.181
38.178
38.175
38.173
38.170
38.168
38.165
38.162
38.160
38.157
38.154
38.152
38.149
38.146
38.144
38.141
38.138
38.136
38.133
38.130
38.127
38.125
38.122
38.119
38.116
38.114
38.111
38.109
38.106
38.104
38.101
38.098
38.096
38.094
38.092
38.089
38.086
38.084
38.081
38.078
38.076
38.073
38.071
38.068
38.066
38.063
38.060
38.058
38.055
38.053
38.050
38.048
38.045
38.043
38.040
38.037
38.035
38.032
38.030
38.027
38.024
38.022
38.019
38.017
38.014
38.012
38.009
38.007
38.004
38.002
37.999
37.996
37.993
37.991
37.988
37.985
37.983
37.980
37.978
37.975
37.973
37.970
37.967
37.965
37.962
37.959
37.957
37.954
37.952
37.950
37.947
37.945
37.942
37.939
37.936
37.934
37.931
37.928
37.926
37.923
37.921
37.918
37.916
37.913
37.911
37.908
37.905
37.903
37.900
37.897
37.895
37.892
37.890
37.888
37.885
37.882
37.880
37.877
37.875
37.872
37.870
37.867
37.864
37.862
37.859
37.857
37.854
37.852
37.849
37.847
37.845
37.842
37.840
37.837
37.834
37.831
37.829
37.827
37.824
37.822
37.819
37.817
37.814
37.811
37.809
37.806
37.804
37.801
37.798
37.795
37.793
37.790
37.788
37.786
37.783
37.781
37.778
37.775
37.772
37.770
37.767
37.765
37.762
37.760
37.757
37.754
37.752
37.749
37.747
37.745
37.742
37.739
37.737
37.734
37.732
37.730
37.727
37.724
37.722
37.720
37.717
37.715
37.712
37.710
37.707
37.705
37.702
37.700
37.697
37.695
37.692
37.689
37.687
37.684
37.681
37.679
37.677
37.674
37.672
37.669
37.666
37.664
37.661
37.658
37.656
37.653
37.651
37.649
37.646
37.644
37.641
37.638
37.636
37.633
37.630
37.628
37.626
37.623
37.621
37.618
37.615
37.613
37.611
37.608
37.605
37.603
37.600
37.598
37.595
37.593
37.591
37.588
37.586
37.583
37.581
37.578
37.575
37.573
37.571
37.568
37.566
37.563
37.561
37.558
37.556
37.553
37.551
37.548
37.546
37.543
37.541
37.538
37.536
37.533
37.531
37.528
37.526
37.523
37.521
37.518
37.515
37.513
37.510
37.508
37.505
37.503
37.500
37.498
37.495
37.493
37.490
37.487
37.485
37.483
37.480
37.477
37.475
37.473
37.470
37.468
37.465
37.463
37.460
37.458
37.456
37.453
37.451
37.448
37.446
37.443
37.441
37.438
37.436
37.433
37.430
37.428
37.425
37.423
37.420
37.418
37.415
37.413
37.411
37.408
37.406
37.403
37.401
37.398
37.396
37.393
37.391
37.388
37.386
37.383
37.380
37.378
37.376
37.373
37.371
37.368
37.366
37.364
37.361
37.359
37.356
37.354
37.351
37.349
37.347
37.344
37.341
37.339
37.336
37.334
37.331
37.329
37.326
37.324
37.321
37.319
37.316
37.314
37.311
37.309
37.307
37.304
37.301
37.299
37.296
37.294
37.292
37.289
37.287
37.285
37.282
37.280
37.277
37.275
37.273
37.270
37.268
37.265
37.263
37.261
37.258
37.256
37.253
37.251
37.249
37.246
37.244
37.241
37.239
37.236
37.234
37.232
37.229
37.227
37.224
37.222
37.219
37.217
37.214
37.212
37.209
37.207
37.204
37.202
37.200
37.198
37.195
37.193
37.190
37.188
37.185
37.182
37.180
37.178
37.175
37.173
37.170
37.168
37.165
37.163
37.160
37.158
37.156
37.153
37.150
37.148
37.145
37.143
37.141
37.139
37.136
37.134
37.131
37.128
37.126
37.124
37.121
37.118
37.116
37.113
37.111
37.109
37.106
37.103
37.101
37.098
37.096
37.093
37.091
37.089
37.086
37.084
37.081
37.079
37.076
37.074
37.071
37.069
37.066
37.064
37.062
37.059
37.057
37.054
37.052
37.049
37.047
37.045
37.043
37.040
37.037
37.035
37.033
37.030
37.028
37.026
37.023
37.021
37.019
37.016
37.014
37.012
37.010
37.007
37.005
37.003
37.000
36.998
36.995
36.993
36.991
36.988
36.986
36.983
36.981
36.979
36.977
36.974
36.972
36.970
36.968
36.965
36.963
36.961
36.958
36.956
36.954
36.951
36.949
36.947
36.944
36.942
36.939
36.937
36.935
36.932
36.930
36.927
36.925
36.922
36.920
36.918
36.915
36.913
36.910
36.908
36.906
36.903
36.901
36.898
36.896
36.893
36.891
36.889
36.886
36.884
36.882
36.879
36.876
36.874
36.872
36.869
36.867
36.865
36.863
36.861
36.858
36.856
36.854
36.851
36.849
36.847
36.845
36.842
36.840
36.838
36.835
36.833
36.830
36.828
36.826
36.823
36.821
36.819
36.816
36.814
36.812
36.809
36.807
36.804
36.802
36.800
36.798
36.796
36.794
36.791
36.789
36.786
36.784
36.781
36.779
36.777
36.775
36.773
36.770
36.768
36.766
36.763
36.761
36.759
36.756
36.754
36.752
36.750
36.747
36.745
36.743
36.740
36.738
36.736
36.733
36.731
36.729
36.726
36.724
36.722
36.719
36.717
36.714
36.712
36.710
36.708
36.705
36.703
36.700
36.698
36.696
36.693
36.691
36.688
36.686
36.683
36.681
36.679
36.677
36.674
36.672
36.670
36.668
36.665
36.663
36.661
36.658
36.656
36.653
36.651
36.649
36.646
36.644
36.642
36.640
36.638
36.636
36.633
36.631
36.629
36.626
36.624
36.622
36.620
36.617
36.615
36.613
36.611
36.608
36.606
36.604
36.602
36.599
36.597
36.594
36.592
36.589
36.587
36.585
36.583
36.580
36.578
36.576
36.573
36.571
36.568
36.566
36.563
36.561
36.559
36.556
36.554
36.552
36.549
36.547
36.544
36.542
36.540
36.537
36.535
36.533
36.531
36.529
36.526
36.524
36.522
36.520
36.517
36.515
36.513
36.511
36.509
36.506
36.504
36.501
36.499
36.497
36.495
36.493
36.491
36.488
36.486
36.484
36.482
36.479
36.477
36.475
36.472
36.470
36.468
36.466
36.464
36.462
36.459
36.457
36.455
36.452
36.450
36.448
36.446
36.444
36.441
36.439
36.436
36.434
36.432
36.430
36.428
36.425
36.423
36.421
36.419
36.417
36.414
36.412
36.410
36.407
36.405
36.403
36.400
36.399
36.396
36.394
36.392
36.389
36.387
36.385
36.382
36.380
36.378
36.375
36.373
36.371
36.369
36.366
36.364
36.362
36.360
36.357
36.355
36.353
36.350
36.348
36.346
36.344
36.342
36.339
36.337
36.335
36.333
36.331
36.328
36.326
36.323
36.321
36.319
36.317
36.315
36.312
36.310
36.308
36.305
36.303
36.301
36.299
36.296
36.294
36.292
36.290
36.288
36.286
36.283
36.281
36.279
36.277
36.274
36.271
36.269
36.267
36.265
36.263
36.261
36.259
36.256
36.254
36.252
36.250
36.247
36.245
36.243
36.241
36.238
36.236
36.234
36.232
36.229
36.227
36.225
36.223
36.221
36.218
36.216
36.214
36.212
36.210
36.208
36.206
36.204
36.202
36.199
36.197
36.195
36.192
36.190
36.188
36.186
36.183
36.181
36.179
36.176
36.174
36.172
36.170
36.168
36.166
36.164
36.162
36.159
36.157
36.155
36.153
36.150
36.148
36.146
36.144
36.142
36.140
36.138
36.136
36.133
36.131
36.129
36.127
36.125
36.122
36.120
36.118
36.115
36.113
36.111
36.109
36.107
36.105
36.103
36.100
36.098
36.096
36.094
36.091
36.089
36.087
36.085
36.083
36.081
36.079
36.076
36.074
36.072
36.069
36.067
36.065
36.063
36.060
36.058
36.056
36.054
36.052
36.049
36.047
36.045
36.043
36.041
36.038
36.036
36.034
36.031
36.029
36.027
36.025
36.023
36.020
36.018
36.016
36.014
36.012
36.010
36.007
36.005
36.003
36.001
35.999
35.996
35.994
35.992
35.989
35.987
35.985
35.982
35.980
35.978
35.975
35.973
35.971
35.969
35.967
35.965
35.962
35.960
35.958
35.956
35.954
35.952
35.950
35.948
35.945
35.944
35.941
35.939
35.937
35.935
35.932
35.930
35.928
35.926
35.924
35.922
35.920
35.917
35.915
35.913
35.911
35.908
35.906
35.904
35.902
35.900
35.898
35.895
35.893
35.891
35.889
35.887
35.884
35.882
35.880
35.878
35.876
35.874
35.872
35.870
35.867
35.865
35.863
35.861
35.859
35.856
35.854
35.852
35.850
35.847
35.845
35.843
35.841
35.839
35.836
35.834
35.832
35.830
35.828
35.825
35.823
35.821
35.819
35.817
35.815
35.813
35.811
35.809
35.807
35.804
35.803
35.800
35.798
35.796
35.794
35.792
35.789
35.787
35.785
35.783
35.781
35.779
35.777
35.775
35.773
35.771
35.768
35.766
35.764
35.762
35.760
35.758
35.756
35.754
35.752
35.750
35.748
35.746
35.744
35.742
35.740
35.738
35.735
35.733
35.731
35.729
35.727
35.725
35.723
35.721
35.718
35.716
35.714
35.712
35.710
35.708
35.705
35.703
35.701
35.698
35.696
35.694
35.692
35.690
35.687
35.685
35.684
35.682
35.679
35.677
35.675
35.673
35.671
35.669
35.666
35.664
35.662
35.660
35.657
35.655
35.653
35.650
35.648
35.646
35.644
35.642
35.640
35.638
35.635
35.633
35.631
35.629
35.627
35.625
35.623
35.621
35.619
35.617
35.615
35.613
35.611
35.609
35.606
35.604
35.602
35.600
35.598
35.596
35.594
35.592
35.590
35.588
35.586
35.584
35.581
35.580
35.577
35.575
35.573
35.571
35.569
35.567
35.564
35.562
35.560
35.558
35.556
35.554
35.552
35.550
35.548
35.545
35.544
35.542
35.539
35.537
35.535
35.533
35.531
35.529
35.527
35.525
35.523
35.521
35.519
35.517
35.514
35.512
35.510
35.508
35.506
35.504
35.502
35.500
35.497
35.495
35.493
35.491
35.489
35.487
35.485
35.483
35.481
35.479
35.476
35.474
35.473
35.470
35.468
35.466
35.464
35.462
35.460
35.458
35.456
35.454
35.452
35.449
35.447
35.445
35.443
35.441
35.439
35.437
35.435
35.433
35.431
35.428
35.426
35.424
35.422
35.420
35.418
35.416
35.414
35.412
35.410
35.407
35.405
35.403
35.401
35.399
35.397
35.395
35.393
35.391
35.389
35.387
35.385
35.383
35.381
35.379
35.377
35.375
35.373
35.370
35.368
35.366
35.364
35.362
35.360
35.358
35.357
35.354
35.352
35.350
35.348
35.346
35.344
35.342
35.340
35.338
35.336
35.334
35.331
35.329
35.327
35.325
35.323
35.321
35.319
35.317
35.316
35.313
35.312
35.310
35.308
35.306
35.303
35.302
35.300
35.298
35.295
35.293
35.291
35.290
35.287
35.285
35.283
35.281
35.279
35.277
35.275
35.273
35.271
35.269
35.267
35.265
35.263
35.261
35.259
35.257
35.255
35.253
35.251
35.249
35.247
35.245
35.242
35.240
35.239
35.236
35.234
35.232
35.231
35.229
35.226
35.224
35.222
35.220
35.218
35.216
35.214
35.212
35.210
35.208
35.206
35.204
35.202
35.200
35.198
35.196
35.193
35.191
35.189
35.187
35.186
35.183
35.181
35.179
35.177
35.175
35.173
35.171
35.169
35.167
35.165
35.163
35.162
35.160
35.157
35.156
35.154
35.151
35.149
35.148
35.146
35.144
35.142
35.140
35.137
35.135
35.133
35.132
35.129
35.127
35.125
35.123
35.121
35.120
35.117
35.115
35.114
35.112
35.110
35.108
35.106
35.104
35.102
35.100
35.098
35.096
35.094
35.092
35.090
35.088
35.086
35.084
35.082
35.080
35.079
35.076
35.074
35.072
35.070
35.068
35.066
35.064
35.062
35.060
35.058
35.056
35.054
35.052
35.050
35.048
35.046
35.044
35.042
35.040
35.038
35.036
35.034
35.032
35.030
35.028
35.026
35.024
35.022
35.020
35.018
35.016
35.014
35.012
35.010
35.008
35.006
35.004
35.002
35.000
34.998
34.996
34.994
34.992
34.990
34.988
34.986
34.984
34.981
34.979
34.978
34.976
34.974
34.972
34.970
34.968
34.966
34.963
34.961
34.959
34.957
34.955
34.953
34.951
34.949
34.947
34.945
34.943
34.941
34.939
34.937
34.935
34.933
34.931
34.930
34.928
34.926
34.924
34.922
34.920
34.918
34.916
34.914
34.912
34.909
34.908
34.906
34.904
34.902
34.900
34.898
34.896
34.894
34.892
34.890
34.888
34.886
34.884
34.882
34.880
34.879
34.877
34.875
34.873
34.871
34.869
34.867
34.865
34.863
34.861
34.859
34.857
34.855
34.853
34.850
34.849
34.847
34.845
34.843
34.841
34.839
34.837
34.835
34.833
34.831
34.829
34.827
34.825
34.823
34.822
34.820
34.818
34.816
34.814
34.812
34.810
34.808
34.806
34.804
34.802
34.800
34.799
34.797
34.794
34.792
34.790
34.788
34.786
34.785
34.783
34.781
34.779
34.777
34.775
34.773
34.771
34.769
34.767
34.765
34.763
34.761
34.759
34.757
34.755
34.753
34.752
34.750
34.748
34.746
34.744
34.742
34.740
34.738
34.736
34.734
34.733
34.731
34.729
34.727
34.725
34.723
34.721
34.719
34.718
34.716
34.714
34.712
34.710
34.708
34.706
34.704
34.703
34.700
34.699
34.697
34.695
34.693
34.691
34.689
34.687
34.685
34.682
34.680
34.678
34.677
34.675
34.673
34.671
34.668
34.667
34.665
34.663
34.661
34.659
34.657
34.655
34.653
34.651
34.649
34.647
34.645
34.643
34.641
34.639
34.637
34.635
34.634
34.631
34.629
34.627
34.626
34.624
34.622
34.620
34.618
34.616
34.614
34.612
34.611
34.609
34.607
34.605
34.603
34.601
34.600
34.598
34.596
34.594
34.592
34.590
34.589
34.587
34.585
34.583
34.581
34.579
34.577
34.575
34.573
34.572
34.570
34.568
34.566
34.564
34.562
34.560
34.558
34.556
34.554
34.552
34.550
34.549
34.546
34.544
34.542
34.540
34.538
34.536
34.534
34.532
34.531
34.529
34.527
34.525
34.523
34.521
34.519
34.517
34.515
34.513
34.511
34.509
34.508
34.506
34.504
34.502
34.500
34.498
34.496
34.495
34.493
34.491
34.489
34.487
34.485
34.484
34.482
34.480
34.478
34.476
34.474
34.472
34.471
34.469
34.467
34.465
34.463
34.461
34.459
34.457
34.455
34.453
34.451
34.449
34.447
34.446
34.444
34.442
34.440
34.438
34.436
34.434
34.433
34.431
34.429
34.427
34.425
34.423
34.421
34.419
34.417
34.415
34.414
34.412
34.410
34.409
34.406
34.404
34.403
34.401
34.399
34.397
34.395
34.393
34.392
34.390
34.388
34.386
34.384
34.382
34.380
34.378
34.376
34.375
34.373
34.371
34.369
34.367
34.366
34.364
34.362
34.360
34.358
34.356
34.354
34.352
34.350
34.349
34.347
34.345
34.343
34.341
34.339
34.338
34.336
34.334
34.332
34.330
34.328
34.326
34.324
34.323
34.321
34.319
34.317
34.315
34.313
34.311
34.310
34.308
34.306
34.304
34.302
34.300
34.298
34.296
34.294
34.293
34.291
34.289
34.287
34.285
34.283
34.281
34.279
34.277
34.276
34.274
34.272
34.270
34.268
34.267
34.265
34.263
34.261
34.260
34.258
34.256
34.254
34.252
34.250
34.248
34.246
34.245
34.243
34.241
34.239
34.238
34.236
34.234
34.232
34.230
34.228
34.227
34.225
34.223
34.221
34.219
34.217
34.216
34.214
34.212
34.210
34.208
34.207
34.205
34.203
34.201
34.200
34.198
34.196
34.194
34.192
34.190
34.189
34.187
34.185
34.184
34.182
34.180
34.178
34.176
34.174
34.172
34.170
34.169
34.167
34.165
34.163
34.161
34.160
34.158
34.156
34.154
34.153
34.150
34.148
34.147
34.145
34.143
34.141
34.139
34.138
34.136
34.134
34.132
34.131
34.129
34.127
34.125
34.123
34.121
34.119
34.117
34.116
34.114
34.112
34.110
34.108
34.106
34.104
34.103
34.101
34.099
34.097
34.096
34.094
34.092
34.090
34.088
34.087
34.085
34.083
34.081
34.079
34.077
34.076
34.074
34.072
34.070
34.068
34.066
34.064
34.063
34.061
34.059
34.057
34.056
34.054
34.052
34.050
34.048
34.047
34.045
34.043
34.041
34.039
34.037
34.035
34.033
34.031
34.030
34.028
34.027
34.025
34.023
34.021
34.020
34.018
34.016
34.015
34.013
34.011
34.009
34.008
34.006
34.004
34.002
34.001
33.999
33.997
33.996
33.994
33.992
33.990
33.988
33.986
33.984
33.982
33.980
33.979
33.977
33.975
33.974
33.972
33.970
33.968
33.966
33.964
33.963
33.961
33.959
33.957
33.956
33.954
33.952
33.950
33.948
33.946
33.945
33.943
33.941
33.939
33.938
33.936
33.934
33.932
33.930
33.929
33.927
33.925
33.923
33.922
33.920
33.918
33.916
33.915
33.913
33.911
33.909
33.908
33.906
33.904
33.902
33.900
33.898
33.896
33.894
33.893
33.891
33.889
33.887
33.885
33.883
33.882
33.880
33.878
33.877
33.875
33.873
33.871
33.870
33.868
33.866
33.864
33.863
33.861
33.859
33.857
33.856
33.854
33.852
33.850
33.849
33.847
33.845
33.844
33.842
33.841
33.839
33.837
33.835
33.833
33.832
33.830
33.828
33.826
33.824
33.823
33.821
33.819
33.817
33.816
33.814
33.812
33.811
33.809
33.807
33.805
33.803
33.801
33.800
33.798
33.796
33.794
33.792
33.791
33.789
33.787
33.785
33.784
33.782
33.780
33.779
33.777
33.775
33.773
33.772
33.770
33.768
33.767
33.765
33.763
33.761
33.760
33.758
33.756
33.754
33.753
33.751
33.749
33.747
33.746
33.744
33.742
33.740
33.739
33.737
33.735
33.734
33.732
33.730
33.728
33.727
33.725
33.723
33.722
33.720
33.718
33.717
33.715
33.713
33.711
33.709
33.708
33.706
33.704
33.702
33.700
33.699
33.697
33.695
33.693
33.692
33.690
33.688
33.686
33.684
33.683
33.681
33.680
33.678
33.676
33.674
33.673
33.671
33.669
33.667
33.666
33.664
33.662
33.661
33.659
33.657
33.655
33.654
33.652
33.650
33.648
33.647
33.645
33.643
33.642
33.640
33.638
33.637
33.635
33.633
33.631
33.630
33.628
33.626
33.625
33.623
33.621
33.620
33.618
33.616
33.615
33.613
33.611
33.609
33.608
33.606
33.604
33.602
33.600
33.599
33.597
33.595
33.593
33.591
33.590
33.588
33.586
33.585
33.583
33.582
33.580
33.578
33.576
33.575
33.573
33.571
33.569
33.567
33.565
33.563
33.562
33.560
33.558
33.556
33.554
33.553
33.551
33.549
33.548
33.546
33.545
33.543
33.541
33.540
33.538
33.536
33.534
33.533
33.531
33.529
33.527
33.526
33.524
33.522
33.520
33.518
33.516
33.515
33.513
33.512
33.510
33.508
33.506
33.505
33.503
33.501
33.500
33.498
33.496
33.495
33.493
33.491
33.490
33.488
33.486
33.485
33.483
33.481
33.480
33.478
33.476
33.475
33.473
33.472
33.470
33.468
33.467
33.465
33.463
33.461
33.459
33.457
33.456
33.454
33.452
33.450
33.449
33.447
33.445
33.443
33.442
33.440
33.439
33.437
33.435
33.433
33.432
33.430
33.428
33.427
33.425
33.423
33.422
33.420
33.418
33.417
33.415
33.413
33.411
33.410
33.408
33.406
33.404
33.403
33.401
33.399
33.398
33.396
33.395
33.393
33.391
33.389
33.387
33.386
33.384
33.383
33.381
33.380
33.378
33.376
33.374
33.373
33.371
33.370
33.368
33.366
33.364
33.363
33.361
33.359
33.358
33.356
33.354
33.353
33.351
33.349
33.348
33.346
33.344
33.342
33.340
33.339
33.337
33.335
33.334
33.332
33.330
33.329
33.327
33.326
33.324
33.322
33.321
33.319
33.317
33.316
33.314
33.312
33.311
33.309
33.307
33.306
33.304
33.302
33.301
33.299
33.297
33.296
33.294
33.292
33.290
33.289
33.287
33.285
33.284
33.282
33.280
33.278
33.277
33.275
33.273
33.271
33.270
33.268
33.267
33.265
33.263
33.262
33.260
33.258
33.256
33.254
33.253
33.251
33.250
33.248
33.247
33.245
33.243
33.242
33.240
33.239
33.237
33.235
33.234
33.232
33.230
33.229
33.227
33.225
33.223
33.222
33.220
33.219
33.217
33.216
33.214
33.212
33.211
33.209
33.207
33.205
33.204
33.202
33.200
33.199
33.197
33.195
33.193
33.192
33.190
33.188
33.187
33.185
33.184
33.182
33.180
33.178
33.177
33.175
33.174
33.172
33.170
33.169
33.167
33.166
33.164
33.162
33.161
33.159
33.157
33.156
33.154
33.152
33.151
33.149
33.148
33.146
33.145
33.143
33.141
33.139
33.137
33.136
33.134
33.133
33.131
33.130
33.128
33.126
33.125
33.123
33.121
33.120
33.118
33.117
33.115
33.114
33.112
33.111
33.109
33.108
33.106
33.104
33.103
33.101
33.099
33.098
33.096
33.095
33.093
33.091
33.089
33.088
33.086
33.084
33.083
33.081
33.080
33.078
33.076
33.075
33.073
33.071
33.070
33.068
33.066
33.065
33.063
33.061
33.060
33.058
33.056
33.055
33.054
33.052
33.051
33.049
33.047
33.046
33.044
33.043
33.041
33.040
33.038
33.037
33.035
33.033
33.031
33.030
33.028
33.027
33.025
33.023
33.022
33.020
33.019
33.017
33.016
33.014
33.013
33.011
33.009
33.008
33.006
33.005
33.003
33.002
33.000
32.998
32.997
32.995
32.993
32.992
32.990
32.988
32.987
32.985
32.984
32.982
32.980
32.978
32.977
32.975
32.973
32.972
32.971
32.969
32.967
32.966
32.964
32.962
32.961
32.959
32.958
32.956
32.954
32.953
32.951
32.949
32.948
32.946
32.944
32.943
32.941
32.940
32.938
32.936
32.934
32.933
32.931
32.929
32.928
32.926
32.925
32.923
32.921
32.919
32.918
32.916
32.914
32.912
32.911
32.909
32.908
32.906
32.904
32.903
32.901
32.900
32.898
32.896
32.895
32.893
32.891
32.890
32.888
32.887
32.885
32.883
32.882
32.880
32.879
32.877
32.876
32.874
32.872
32.871
32.869
32.868
32.866
32.864
32.862
32.861
32.859
32.857
32.856
32.854
32.852
32.851
32.849
32.848
32.846
32.845
32.843
32.841
32.839
32.838
32.836
32.835
32.833
32.832
32.830
32.828
32.827
32.825
32.824
32.822
32.821
32.819
32.817
32.816
32.814
32.813
32.811
32.809
32.808
32.806
32.804
32.803
32.801
32.800
32.798
32.796
32.795
32.793
32.792
32.790
32.789
32.787
32.786
32.784
32.783
32.781
32.779
32.778
32.776
32.774
32.773
32.771
32.770
32.769
32.767
32.766
32.764
32.762
32.761
32.759
32.758
32.756
32.755
32.753
32.752
32.750
32.748
32.747
32.745
32.744
32.742
32.741
32.739
32.738
32.736
32.735
32.733
32.732
32.730
32.729
32.728
32.726
32.724
32.723
32.721
32.720
32.718
32.716
32.714
32.713
32.711
32.710
32.709
32.707
32.705
32.704
32.702
32.700
32.699
32.697
32.695
32.694
32.692
32.690
32.689
32.688
32.686
32.684
32.683
32.681
32.679
32.678
32.676
32.674
32.673
32.671
32.669
32.668
32.666
32.664
32.663
32.661
32.660
32.658
32.657
32.655
32.654
32.652
32.651
32.649
32.648
32.646
32.644
32.643
32.641
32.639
32.638
32.636
32.635
32.633
32.631
32.630
32.628
32.627
32.625
32.624
32.622
32.620
32.619
32.617
32.616
32.614
32.613
32.612
32.610
32.609
32.607
32.606
32.604
32.603
32.601
32.599
32.598
32.596
32.595
32.593
32.591
32.590
32.588
32.587
32.585
32.584
32.582
32.581
32.579
32.578
32.576
32.574
32.573
32.571
32.570
32.568
32.567
32.565
32.564
32.562
32.560
32.559
32.558
32.556
32.554
32.553
32.551
32.550
32.548
32.546
32.545
32.544
32.542
32.541
32.539
32.538
32.536
32.535
32.533
32.531
32.530
32.529
32.527
32.525
32.524
32.522
32.521
32.519
32.518
32.516
32.515
32.513
32.512
32.510
32.509
32.507
32.506
32.504
32.503
32.501
32.500
32.498
32.497
32.495
32.494
32.493
32.491
32.489
32.488
32.486
32.485
32.483
32.482
32.480
32.479
32.477
32.476
32.474
32.473
32.471
32.470
32.468
32.466
32.465
32.463
32.462
32.461
32.459
32.458
32.456
32.454
32.453
32.452
32.450
32.448
32.447
32.445
32.444
32.442
32.441
32.439
32.438
32.436
32.434
32.433
32.431
32.430
32.428
32.427
32.425
32.424
32.422
32.421
32.419
32.418
32.416
32.415
32.413
32.411
32.410
32.408
32.407
32.405
32.404
32.403
32.401
32.399
32.398
32.396
32.395
32.393
32.392
32.390
32.388
32.387
32.385
32.384
32.382
32.381
32.379
32.377
32.376
32.374
32.373
32.371
32.370
32.368
32.367
32.366
32.364
32.363
32.362
32.360
32.358
32.357
32.355
32.354
32.352
32.351
32.349
32.347
32.346
32.344
32.343
32.342
32.340
32.338
32.337
32.335
32.333
32.332
32.330
32.328
32.327
32.325
32.324
32.322
32.321
32.320
32.318
32.317
32.315
32.314
32.312
32.311
32.310
32.308
32.307
32.305
32.304
32.302
32.301
32.299
32.297
32.296
32.294
32.293
32.291
32.289
32.288
32.286
32.285
32.283
32.282
32.280
32.279
32.277
32.276
32.274
32.273
32.271
32.270
32.268
32.267
32.265
32.264
32.262
32.261
32.259
32.258
32.256
32.254
32.253
32.251
32.250
32.248
32.247
32.245
32.244
32.242
32.241
32.239
32.238
32.236
32.235
32.233
32.231
32.230
32.228
32.227
32.225
32.223
32.222
32.220
32.219
32.218
32.216
32.215
32.213
32.212
32.210
32.208
32.207
32.206
32.204
32.203
32.201
32.200
32.198
32.197
32.195
32.194
32.193
32.191
32.190
32.189
32.187
32.185
32.184
32.182
32.181
32.179
32.178
32.177
32.175
32.174
32.173
32.171
32.170
32.168
32.167
32.165
32.164
32.162
32.161
32.159
32.157
32.156
32.155
32.153
32.152
32.150
32.148
32.147
32.146
32.144
32.142
32.141
32.139
32.138
32.136
32.135
32.133
32.132
32.131
32.129
32.128
32.126
32.125
32.123
32.122
32.120
32.119
32.117
32.116
32.114
32.113
32.111
32.110
32.108
32.107
32.105
32.104
32.102
32.100
32.099
32.098
32.096
32.095
32.093
32.092
32.090
32.089
32.088
32.086
32.085
32.083
32.082
32.080
32.079
32.077
32.076
32.074
32.073
32.071
32.069
32.068
32.066
32.065
32.063
32.062
32.060
32.059
32.058
32.056
32.055
32.053
32.052
32.050
32.049
32.047
32.046
32.044
32.043
32.041
32.040
32.038
32.037
32.035
32.034
32.032
32.031
32.030
32.028
32.027
32.025
32.024
32.022
32.021
32.019
32.018
32.016
32.015
32.013
32.012
32.011
32.009
32.008
32.006
32.005
32.003
32.002
32.000
31.999
31.997
31.996
31.994
31.993
31.992
31.990
31.989
31.987
31.986
31.984
31.983
31.981
31.980
31.979
31.977
31.976
31.974
31.973
31.971
31.970
31.968
31.967
31.966
31.964
31.963
31.961
31.960
31.958
31.957
31.955
31.954
31.953
31.951
31.950
31.949
31.947
31.946
31.944
31.943
31.941
31.940
31.939
31.937
31.936
31.935
31.933
31.932
31.930
31.929
31.928
31.926
31.925
31.923
31.922
31.921
31.919
31.918
31.917
31.915
31.914
31.913
31.911
31.910
31.908
31.907
31.905
31.904
31.902
31.901
31.900
31.898
31.897
31.896
31.894
31.893
31.892
31.890
31.889
31.888
31.886
31.885
31.883
31.882
31.881
31.879
31.878
31.877
31.875
31.873
31.872
31.870
31.869
31.867
31.866
31.865
31.863
31.862
31.860
31.858
31.857
31.855
31.854
31.853
31.851
31.850
31.849
31.847
31.845
31.844
31.842
31.841
31.839
31.838
31.836
31.835
31.833
31.832
31.830
31.829
31.827
31.826
31.824
31.823
31.821
31.820
31.818
31.817
31.815
31.814
31.813
31.811
31.810
31.808
31.807
31.806
31.804
31.803
31.801
31.800
31.798
31.797
31.796
31.795
31.793
31.792
31.791
31.789
31.788
31.787
31.785
31.783
31.782
31.781
31.779
31.778
31.777
31.775
31.774
31.772
31.771
31.769
31.768
31.766
31.765
31.764
31.762
31.761
31.759
31.758
31.756
31.755
31.754
31.752
31.751
31.750
31.748
31.747
31.745
31.744
31.742
31.741
31.739
31.738
31.736
31.735
31.734
31.732
31.731
31.729
31.728
31.727
31.725
31.724
31.722
31.721
31.719
31.718
31.716
31.715
31.714
31.712
31.711
31.709
31.708
31.706
31.705
31.703
31.702
31.700
31.699
31.698
31.696
31.695
31.694
31.692
31.690
31.689
31.688
31.686
31.685
31.683
31.682
31.681
31.679
31.678
31.676
31.675
31.674
31.672
31.671
31.670
31.668
31.667
31.666
31.664
31.663
31.661
31.660
31.659
31.657
31.656
31.654
31.653
31.651
31.650
31.649
31.648
31.646
31.645
31.644
31.642
31.641
31.639
31.638
31.637
31.635
31.634
31.633
31.631
31.630
31.629
31.627
31.626
31.624
31.622
31.621
31.620
31.618
31.617
31.615
31.614
31.613
31.611
31.610
31.608
31.607
31.605
31.604
31.603
31.601
31.600
31.599
31.597
31.596
31.595
31.593
31.592
31.591
31.589
31.588
31.586
31.585
31.584
31.583
31.581
31.580
31.578
31.577
31.576
31.574
31.573
31.571
31.570
31.569
31.567
31.566
31.564
31.563
31.561
31.560
31.559
31.557
31.556
31.554
31.553
31.552
31.550
31.549
31.548
31.546
31.545
31.543
31.542
31.541
31.539
31.538
31.536
31.535
31.533
31.532
31.531
31.529
31.528
31.526
31.525
31.524
31.522
31.521
31.520
31.518
31.517
31.516
31.514
31.512
31.511
31.510
31.508
31.507
31.506
31.504
31.503
31.502
31.500
31.499
31.497
31.496
31.494
31.493
31.492
31.490
31.489
31.488
31.487
31.485
31.484
31.482
31.481
31.480
31.478
31.477
31.475
31.474
31.473
31.472
31.470
31.469
31.468
31.466
31.465
31.463
31.462
31.460
31.459
31.457
31.456
31.455
31.453
31.452
31.451
31.449
31.448
31.446
31.445
31.444
31.442
31.441
31.440
31.439
31.437
31.436
31.435
31.433
31.432
31.431
31.429
31.428
31.427
31.425
31.424
31.422
31.421
31.420
31.418
31.417
31.416
31.414
31.413
31.412
31.410
31.409
31.408
31.406
31.405
31.403
31.402
31.401
31.399
31.398
31.396
31.395
31.393
31.392
31.390
31.389
31.388
31.387
31.386
31.384
31.383
31.382
31.380
31.379
31.378
31.376
31.375
31.373
31.372
31.371
31.370
31.368
31.367
31.366
31.364
31.363
31.362
31.360
31.359
31.358
31.356
31.355
31.353
31.352
31.351
31.349
31.348
31.347
31.345
31.344
31.343
31.342
31.340
31.339
31.338
31.336
31.335
31.333
31.332
31.331
31.330
31.328
31.327
31.325
31.324
31.322
31.321
31.320
31.318
31.317
31.316
31.314
31.313
31.312
31.310
31.309
31.307
31.306
31.305
31.303
31.302
31.301
31.299
31.298
31.296
31.295
31.294
31.292
31.291
31.290
31.288
31.287
31.285
31.284
31.282
31.281
31.280
31.279
31.277
31.276
31.275
31.273
31.272
31.271
31.269
31.268
31.267
31.265
31.264
31.263
31.262
31.260
31.259
31.258
31.257
31.255
31.254
31.252
31.251
31.250
31.249
31.247
31.246
31.245
31.243
31.242
31.241
31.239
31.238
31.236
31.235
31.234
31.233
31.231
31.230
31.229
31.227
31.226
31.225
31.223
31.222
31.221
31.219
31.218
31.217
31.215
31.214
31.213
31.211
31.210
31.209
31.208
31.206
31.205
31.203
31.202
31.201
31.199
31.198
31.197
31.195
31.194
31.193
31.191
31.190
31.188
31.187
31.186
31.184
31.183
31.181
31.180
31.179
31.178
31.176
31.175
31.173
31.172
31.171
31.169
31.168
31.167
31.165
31.164
31.163
31.162
31.160
31.159
31.158
31.157
31.155
31.154
31.153
31.152
31.150
31.149
31.148
31.146
31.145
31.143
31.142
31.141
31.140
31.138
31.137
31.136
31.135
31.133
31.132
31.131
31.129
31.128
31.127
31.126
31.125
31.123
31.122
31.121
31.119
31.118
31.117
31.115
31.114
31.113
31.112
31.110
31.109
31.107
31.106
31.105
31.104
31.102
31.101
31.099
31.098
31.096
31.095
31.093
31.092
31.091
31.089
31.088
31.087
31.086
31.084
31.083
31.082
31.080
31.079
31.078
31.077
31.075
31.074
31.073
31.072
31.070
31.069
31.067
31.066
31.065
31.063
31.062
31.061
31.059
31.058
31.057
31.055
31.054
31.053
31.051
31.050
31.049
31.047
31.046
31.045
31.043
31.042
31.041
31.040
31.038
31.037
31.035
31.034
31.033
31.032
31.030
31.029
31.028
31.026
31.025
31.024
31.023
31.021
31.020
31.019
31.017
31.016
31.015
31.013
31.012
31.011
31.009
31.008
31.007
31.005
31.004
31.003
31.002
31.000
30.999
30.998
30.997
30.996
30.994
30.993
30.992
30.991
30.989
30.988
30.987
30.986
30.985
30.983
30.982
30.981
30.980
30.978
30.977
30.976
30.975
30.973
30.972
30.970
30.969
30.968
30.967
30.965
30.964
30.963
30.961
30.960
30.959
30.957
30.956
30.955
30.953
30.952
30.951
30.950
30.948
30.947
30.945
30.944
30.943
30.941
30.940
30.939
30.937
30.936
30.935
30.934
30.932
30.931
